20
27
20
39
25
24
18
34
30
34
26
18
27
15
34
42
23
38
25
17
23
39
22
31
25
25
39
22
28
33
22
34
33
29
31
19
32
33
30
27
39
24
31
39
35
26
39
33
22
21
27
40
23
22
36
29
47
24
30
34
33
32
41
28
19
39
21
33
27
25
42
37
29
45
22
26
31
24
32
39
30
32
31
26
28
34
25
28
35
33
32
33
19
37
32
26
25
32
17
32
31
21
28
39
26
37
31
38
41
27
41
30
18
25
28
24
28
30
37
24
27
19
33
23
24
38
32
32
14
20
20
42
36
19
26
22
29
19
24
35
39
26
33
20
28
29
40
28
18
32
22
24
34
21
36
40
34
15
39
30
30
34
33
17
25
35
37
31
17
25
23
42
30
32
20
23
26
34
24
27
39
38
30
36
28
39
24
22
25
28
28
26
39
21
32
24
37
24
26
23
20
19
25
23
30
23
38
18
29
29
30
43
30
34
35
35
25
31
19
34
34
27
23
42
42
51
37
30
27
34
25
22
27
17
23
30
34
31
32
33
27
28
31
38
30
37
33
15
27
31
26
20
38
23
29
27
37
10
25
21
31
23
24
24
33
29
29
27
31
37
24
48
31
23
24
31
26
38
24
25
41
22
18
42
32
30
17
27
19
22
42
36
22
33
25
19
29
35
29
21
19
34
41
31
22
38
37
27
31
20
27
38
26
37
19
32
24
35
29
27
39
22
31
35
19
35
22
20
24
34
28
39
27
18
25
28
31
38
31
42
32
24
33
39
39
28
25
35
30
31
29
40
15
31
29
31
32
29
18
21
31
30
46
28
24
33
31
41
25
34
33
33
35
19
40
23
40
44
19
35
34
33
21
26
32
34
29
29
28
35
24
37
34
29
25
31
39
30
20
30
35
28
30
27
18
29
31
41
39
30
23
36
29
12
36
22
35
30
37
41
32
24
26
28
20
24
27
32
22
27
25
25
34
27
19
25
45
32
19
35
14
35
25
21
28
37
14
32
30
35
27
32
30
18
43
25
23
16
27
13
29
27
24
36
24
30
29
33
42
14
41
21
34
19
29
18
26
19
42
34
30
19
13
20
32
41
31
28
36
51
35
39
33
30
52
35
30
39
26
27
25
23
37
30
25
20
35
21
41
27
30
30
28
37
23
36
35
27
34
22
28
33
25
22
26
30
37
33
12
32
21
36
30
29
34
17
22
20
34
40
21
35
25
33
44
25
12
28
19
31
20
35
25
31
26
32
16
28
41
18
23
18
31
21
34
14
36
16
26
23
18
30
27
28
34
36
37
34
27
41
17
38
37
30
43
39
32
22
19
44
28
20
28
33
28
20
29
22
32
29
22
38
40
30
32
32
16
26
43
27
30
22
18
29
33
32
20
36
38
37
32
32
34
25
28
25
35
26
30
26
24
20
28
44
33
20
24
22
30
25
39
15
26
26
25
35
40
26
24
29
32
15
19
21
27
31
28
28
36
30
14
27
28
41
35
37
24
31
41
36
25
26
33
17
40
38
32
23
44
28
29
34
27
36
33
29
27
26
34
37
44
28
32
20
21
22
29
33
32
19
22
40
23
35
28
17
21
32
23
26
29
26
25
37
42
20
37
41
30
33
25
30
28
19
27
40
18
22
8
32
24
40
44
27
37
25
26
20
41
32
24
31
30
32
38
40
32
31
22
29
18
33
35
20
32
20
22
33
31
11
23
25
31
34
20
30
33
17
23
19
33
37
23
31
20
24
33
28
26
21
42
34
25
17
23
32
35
33
29
29
30
30
18
28
26
34
26
26
15
43
24
27
35
30
32
30
20
32
21
27
31
30
29
34
23
22
24
26
22
40
33
22
26
31
18
22
42
39
33
28
38
23
27
34
39
20
20
22
25
33
36
23
27
33
25
26
18
36
23
17
38
24
21
12
28
27
24
28
19
31
22
15
40
24
31
36
22
34
17
25
31
18
28
26
35
26
24
24
21
27
39
24
43
36
28
25
47
30
21
31
26
34
26
16
34
31
27
21
35
28
33
26
39
19
23
27
24
21
20
33
32
21
30
28
31
27
34
24
28
20
30
23
37
19
28
30
18
19
44
43
29
13
39
36
39
27
41
33
37
41
21
35
21
26
13
44
30
38
24
32
26
25
46
40
27
34
30
33
19
29
28
25
49
26
25
18
19
33
32
33
24
43
35
30
17
28
40
22
21
33
25
28
32
24
26
38
28
23
29
28
29
30
30
38
35
44
31
13
23
29
