67
71
69
79
68
70
67
79
73
78
79
70
70
63
76
87
75
81
74
65
74
81
73
77
71
72
82
75
74
76
77
81
81
75
73
66
76
79
74
75
80
73
74
78
77
75
79
81
71
73
77
83
76
71
82
74
88
74
76
79
79
78
83
74
75
80
70
82
77
69
85
85
79
87
72
71
79
72
77
83
78
79
78
75
75
80
74
76
79
78
73
77
69
84
78
75
73
78
64
78
77
68
72
79
74
80
77
85
80
72
83
74
67
73
73
74
73
73
85
71
75
67
77
74
71
79
77
77
68
70
69
81
76
71
68
74
74
67
71
82
85
72
83
72
74
75
83
76
72
80
73
68
82
72
81
80
79
70
83
72
77
80
82
69
77
79
82
79
71
74
68
83
74
79
71
78
75
78
69
71
80
79
72
80
78
80
72
68
81
69
79
79
77
72
79
75
77
70
76
72
68
69
73
72
80
67
79
72
79
74
72
82
75
81
84
83
69
77
67
84
78
70
71
84
81
84
82
75
73
78
76
71
74
60
75
76
79
80
74
78
75
76
81
81
76
80
82
64
74
76
76
76
79
72
79
73
78
64
78
69
78
73
68
67
79
72
73
73
81
78
73
83
79
71
77
80
71
80
74
67
81
72
66
84
77
78
71
73
71
75
84
80
75
74
74
72
78
80
75
68
66
80
86
79
70
82
83
75
76
78
72
78
77
81
65
78
79
79
80
77
81
71
77
77
74
77
68
68
72
82
72
82
71
72
77
77
78
79
78
83
78
78
77
86
80
80
79
77
73
73
74
82
64
75
75
83
81
76
74
73
77
80
88
76
75
76
75
85
73
78
80
77
78
70
81
74
83
86
65
77
75
80
70
70
78
77
80
75
73
79
76
79
81
76
73
78
80
77
72
74
79
75
78
75
70
76
79
81
82
77
71
81
75
62
78
70
78
78
83
79
78
71
72
71
73
70
75
77
70
74
75
69
77
79
66
68
86
79
72
82
65
79
73
74
73
80
65
78
76
82
74
79
80
71
80
74
75
70
72
62
78
79
73
78
75
79
79
76
86
70
80
67
77
66
79
69
75
66
84
79
76
68
64
73
78
84
74
75
79
88
74
83
81
78
89
79
74
81
69
75
76
74
78
78
72
74
80
76
82
73
77
74
80
80
67
82
80
73
77
67
80
78
75
71
73
79
83
77
64
78
74
85
82
74
84
68
76
67
83
79
71
78
73
76
82
78
67
73
70
80
71
79
75
81
69
77
66
77
81
68
73
72
75
73
80
67
81
65
70
77
69
76
77
79
77
80
80
80
72
82
74
80
81
79
85
80
78
68
68
83
72
72
74
75
79
68
77
66
80
74
71
79
85
77
77
74
69
75
82
74
78
69
66
72
81
74
77
81
83
82
80
77
74
68
73
74
79
75
78
74
73
69
74
84
78
66
74
70
77
71
80
64
71
71
76
82
86
71
67
76
78
68
69
71
72
78
79
79
79
77
64
80
74
81
82
79
70
78
84
82
74
77
75
68
87
82
78
67
83
72
78
79
78
79
79
77
73
69
77
86
85
78
76
72
66
74
78
75
77
73
72
79
75
78
74
70
71
76
70
72
72
76
76
79
82
71
79
82
79
79
74
76
79
67
78
80
70
70
57
75
70
80
83
76
81
76
78
70
78
77
76
74
77
72
82
79
77
74
70
76
70
75
80
72
78
67
74
78
76
67
74
77
80
83
66
76
72
72
72
67
77
83
77
82
70
73
78
77
72
72
82
78
76
68
70
79
78
83
72
73
78
75
67
74
73
78
73
74
71
84
72
75
79
77
75
75
71
77
76
74
79
77
79
77
70
69
75
70
70
82
79
74
74
80
65
73
84
84
79
74
83
70
70
78
76
66
73
73
74
74
81
74
72
74
72
75
68
78
73
69
82
75
68
62
79
73
69
77
69
76
70
66
81
72
76
78
74
79
68
71
75
71
74
75
80
73
69
71
69
72
85
75
84
77
73
74
85
78
70
80
72
73
74
66
74
76
77
66
80
76
82
72
80
67
69
76
67
71
69
80
82
69
78
81
79
71
79
78
73
70
74
73
77
71
74
77
63
69
84
85
76
67
79
82
83
74
84
78
80
82
75
76
75
70
63
84
80
79
74
79
71
74
86
81
73
77
77
79
68
77
75
73
87
76
73
71
74
79
74
75
72
84
80
80
67
77
82
76
70
76
75
75
82
78
72
77
73
73
72
77
77
77
75
84
78
87
77
60
77
73
