overall	high_tfx	low_tfx
0.65185	0.73333	0.51111
0.71164	0.81111	0.55556
0.75397	0.81961	0.55556
0.84058	0.87143	0.66667
0.79142	0.83750	0.52778
0.85091	0.92308	0.68889
0.86000	0.85000	0.97143
0.77951	0.84520	0.45714
0.78406	0.80114	0.73214
0.75311	0.90301	0.40000
0.88648	0.94603	0.76923
0.79012	0.79198	0.91667
0.82609	0.90058	0.62500
0.77778	0.80294	0.50000
0.78827	0.84870	0.33333
0.68784	0.74359	0.63636
0.82815	0.85034	0.79167
0.78261	0.82804	0.62500
0.72378	0.68111	0.82857
0.77941	0.86957	0.46753
0.74379	0.80714	0.38095
0.78080	0.79167	0.82500
0.74242	0.75926	0.63889
0.76437	0.79250	0.66667
0.79018	0.86667	0.55556
0.60357	0.70760	0.38333
0.74252	0.73929	0.75000
0.76840	0.85417	0.34286
0.69429	0.81006	0.38095
0.70667	0.78138	0.30000
0.74328	0.78947	0.56000
0.70292	0.77431	0.50000
0.85317	0.90305	0.73611
0.80998	0.89474	0.28571
0.91806	0.98739	0.73611
0.72464	0.75926	0.78333
0.73563	0.74892	0.66071
0.73160	0.82564	0.50000
0.76959	0.77008	0.73333
0.86599	0.89636	0.77500
0.87788	0.91667	0.76250
0.76471	0.83242	0.45833
0.77941	0.81818	0.80000
0.68810	0.69625	0.65714
0.75214	0.79710	0.77273
0.73292	0.77778	0.52381
0.73892	0.79028	0.45833
0.87810	0.83772	0.92593
0.71582	0.72449	0.80952
0.84926	0.87990	0.72857
0.71429	0.73264	0.51852
0.80308	0.77841	0.91667
0.78368	0.87013	0.37037
0.76552	0.80612	0.58333
0.77451	0.79699	0.69697
0.68060	0.71591	0.46429
0.81630	0.86111	0.62222
0.83333	0.91729	0.41667
0.78000	0.82667	0.66000
0.74661	0.81798	0.52857
0.79231	0.82812	0.70000
0.84074	0.88077	0.79592
0.69286	0.75882	0.51562
0.82943	0.81100	0.82000
0.64414	0.73684	0.43750
0.85167	0.92361	0.71429
0.81250	0.90537	0.00000
0.71903	0.74747	0.65079
0.57885	0.61905	0.45000
0.76531	0.78235	0.68750
0.73764	0.80519	0.36667
0.69816	0.76316	
0.71739	0.76667	0.38889
0.78281	0.83056	0.54167
0.73180	0.73052	0.70667
0.81609	0.84928	0.62857
0.81621	0.85000	0.70833
0.78061	0.76634	0.73750
0.80637	0.86000	0.44643
0.88492	0.87879	1.00000
0.66234	0.75346	0.29167
0.81481	0.82386	0.87500
0.80423	0.85042	0.31250
0.81698	0.89167	0.59722
0.80040	0.83824	0.66667
0.81259	0.85119	0.69643
0.84774	0.90260	0.60000
0.77846	0.80201	0.78571
0.73319	0.82707	0.62963
0.80167	0.80312	0.72500
0.70567	0.76316	0.57500
0.83701	0.91319	0.56410
0.76480	0.83175	0.45455
0.66263	0.75620	0.27273
0.78316	0.78571	0.74286
0.84239	0.87368	0.72222
0.67901	0.69519	0.67143
0.72321	0.80719	0.48485
0.57576	0.68192	0.22500
0.80804	0.84967	0.74286
0.78462	0.82972	0.66667
0.78261	0.86310	0.66667
0.77656	0.87500	0.55000
0.74486	0.78755	0.65909
0.72159	0.79167	0.47222
0.82107	0.92437	0.33333
0.78061	0.75298	0.81818
0.79207	0.86957	0.50000
0.84630	0.85317	0.82000
0.74792	0.79808	0.45455
0.85764	0.89693	0.69231
0.85435	0.89355	0.70000
0.80316	0.85952	0.50000
0.74668	0.85354	0.45455
0.83476	0.92732	0.30000
0.77639	0.80706	0.71429
0.70370	0.81414	0.54545
0.77454	0.89091	0.66234
0.77290	0.84211	0.54167
0.78095	0.82680	0.64286
0.76437	0.84982	0.52500
0.84048	0.86216	0.76623
0.64352	0.65185	0.55556
0.86263	0.92286	0.50000
0.70147	0.71250	0.68056
0.82750	0.84848	0.88000
0.79545	0.81600	0.80000
0.81320	0.82086	1.00000
0.67639	0.76780	0.46429
0.78261	0.80000	0.62500
0.70609	0.73810	0.57143
0.77419	0.81704	0.56000
0.71014	0.72222	0.74074
0.80556	0.84615	0.70000
0.69777	0.78084	0.50909
0.80133	0.85948	0.66667
0.70286	0.74405	0.60317
0.78704	0.86997	0.57143
0.77650	0.84773	0.42222
0.70547	0.76738	0.35000
0.79386	0.84667	0.45000
0.88215	0.88235	0.93333
0.76786	0.83613	0.57143
0.76162	0.82011	0.42500
0.82727	0.88089	0.39394
0.76078	0.85294	0.43750
0.77500	0.82576	0.37500
0.81605	0.81922	0.83333
0.77183	0.88421	0.40000
0.67391	0.80612	0.35185
0.73937	0.75630	0.63333
0.78646	0.84737	0.45000
0.73132	0.76667	0.53125
0.87500	0.92222	0.62500
0.76923	0.79798	0.58333
0.75175	0.73280	0.74000
0.83810	0.91518	0.64286
0.81106	0.84921	0.57143
0.73548	0.74825	0.58333
0.75585	0.75851	0.80556
0.70034	0.76136	0.40741
0.79760	0.88515	0.54167
0.76000	0.86189	0.37500
0.73696	0.73667	0.80000
0.88210	0.92892	0.67500
0.64462	0.80277	0.30556
0.84568	0.86080	0.70000
0.78356	0.86389	0.61111
0.78175	0.82105	0.50000
0.72344	0.78571	0.50000
0.78231	0.78086	0.76667
0.74838	0.71569	0.78000
0.80435	0.85185	0.62857
0.74340	0.84286	0.35417
0.84462	0.87500	0.78333
0.79818	0.87778	0.38095
0.71667	0.70940	0.85714
0.83128	0.87879	0.64444
0.72854	0.77778	0.48889
0.84175	0.85380	0.78125
0.71875	0.77303	0.52500
0.76984	0.81579	0.40000
0.77083	0.80075	0.64000
0.74200	0.72755	0.72222
0.76112	0.81500	0.52381
0.81638	0.83500	0.75758
0.66286	0.72807	0.25000
0.74242	0.82807	0.25926
0.75000	0.79276	0.54000
0.84615	0.83045	0.83333
0.83167	0.87228	0.57143
0.69753	0.67749	0.76667
0.76364	0.79605	0.69697
0.82222	0.84286	0.69444
0.77793	0.80451	0.64583
0.80316	0.85494	0.72727
0.79000	0.81316	0.75000
0.77865	0.88158	0.40000
0.74427	0.76838	0.65909
0.79978	0.92961	0.25000
0.86180	0.88435	0.71429
0.74242	0.81845	0.41667
0.81006	0.87535	0.48148
0.75552	0.76190	0.68000
0.72759	0.74022	0.70635
0.77885	0.92642	0.39394
0.80504	0.81225	0.71429
0.76552	0.83437	0.67692
0.78261	0.84773	0.25000
0.81413	0.84541	0.66667
0.79497	0.82273	0.71429
0.75620	0.82906	0.47500
0.85684	0.88182	0.87500
0.82609	0.88221	0.79167
0.91009	0.93333	0.78571
0.79688	0.86090	0.58000
0.82292	0.83934	0.76000
0.79022	0.79532	0.94231
0.73294	0.83947	0.44048
0.82692	0.88762	0.52727
0.69385	0.71637	0.56250
0.77103	0.81313	0.51020
0.89483	0.88235	0.93333
0.80462	0.86957	0.50000
0.80138	0.79040	0.81818
0.84308	0.86500	0.73333
0.78095	0.82097	0.70833
0.78815	0.86378	0.55000
0.76553	0.86806	0.51429
0.81481	0.85139	0.72500
0.78099	0.79825	0.66667
0.75216	0.79605	
0.76023	0.87013	0.37500
0.82857	0.89161	0.63462
0.81149	0.86200	0.62222
0.80124	0.89474	0.50000
0.72436	0.73961	0.71429
0.80357	0.93519	0.32500
0.82407	0.88722	0.58333
0.68421	0.69825	0.50000
0.89951	0.95673	0.68750
0.81294	0.89020	0.60317
0.79599	0.85185	0.62500
0.72337	0.80519	0.43750
0.80521	0.86364	0.54167
0.82804	0.88158	0.68254
0.74545	0.80995	0.62500
0.80185	0.86275	0.70000
0.83000	0.83851	0.58333
0.64695	0.73551	0.41667
0.74897	0.82609	0.45000
0.78977	0.85425	0.80952
0.81084	0.93333	0.64000
0.75340	0.82292	0.63889
0.76014	0.80000	0.64286
0.80303	0.78409	0.77273
0.76519	0.81985	0.61538
0.79211	0.85167	0.66667
0.69231	0.75735	0.52778
0.78261	0.84314	0.52778
0.84236	0.88545	0.70000
0.72173	0.81481	0.45238
0.77484	0.81236	0.55000
0.82716	0.86080	0.75000
0.71538	0.79167	0.52857
0.82261	0.80000	0.88095
0.91304	0.94118	0.85000
0.76705	0.75794	0.85000
0.75099	0.83041	0.20000
0.82077	0.92143	0.29167
0.85167	0.86981	0.76667
0.83333	0.85024	0.82500
0.82576	0.85802	0.66667
0.82986	0.88444	0.65455
0.84014	0.91176	0.57500
0.74291	0.80556	0.37500
0.78261	0.86257	0.40000
0.70143	0.74687	0.54762
0.75418	0.82857	0.55556
0.83901	0.87826	0.77273
0.78595	0.84250	0.27778
0.74537	0.76491	0.72222
0.65326	0.70000	0.50000
0.70962	0.78929	0.33333
0.68704	0.71196	0.60714
0.64762	0.73162	0.37500
0.76800	0.80247	0.71429
0.74040	0.83036	0.53061
0.81818	0.80075	0.87500
0.81039	0.80543	0.84444
0.81781	0.76562	1.00000
0.78241	0.84348	0.58333
0.80029	0.85797	0.62963
0.81984	0.83333	0.75000
0.81818	0.83681	0.81250
0.73611	0.78947	0.53125
0.73920	0.78947	0.56000
0.75275	0.79762	0.60714
0.68783	0.71250	0.42857
0.79345	0.86243	0.60417
0.69429	0.84375	0.55769
0.82422	0.86445	0.68254
0.81217	0.80745	0.83333
0.70513	0.79739	0.35802
0.83724	0.86905	0.66667
0.77500	0.84474	0.56154
0.62727	0.64889	0.58571
0.69904	0.74000	0.48333
0.77329	0.80990	0.64286
0.77174	0.78547	0.61905
0.83392	0.83566	0.72222
0.78571	0.78182	0.86667
0.76455	0.82273	0.57500
0.83143	0.85526	0.72917
0.84640	0.91880	0.66667
0.74545	0.80214	0.40000
0.79881	0.77536	0.88889
0.78143	0.86378	0.63636
0.82545	0.86068	0.87500
0.75888	0.75649	0.77083
0.78788	0.84722	0.53571
0.80552	0.89855	0.45238
0.68966	0.77124	0.50909
0.85161	0.86437	0.67273
0.70833	0.84511	0.35714
0.79960	0.91795	0.51515
0.64222	0.70261	0.42857
0.74220	0.80515	0.61667
0.70179	0.75794	0.55000
0.83619	0.86124	0.50000
0.84414	0.85965	0.86364
0.73524	0.79297	0.57778
0.80121	0.84472	0.62500
0.73302	0.77778	0.50000
0.78080	0.84375	0.77778
0.72964	0.78708	0.50000
0.74959	0.88324	0.11905
0.80957	0.87229	0.60000
0.84143	0.86150	0.75926
0.71894	0.75817	0.60000
0.77103	0.83901	0.54167
0.85285	0.90933	0.61111
0.78698	0.89474	0.55844
0.84348	0.96154	0.62000
0.80300	0.87799	0.55556
0.82042	0.85490	0.70833
0.75231	0.80000	0.60000
0.78182	0.93182	0.23333
0.87946	0.95833	0.46667
0.83632	0.87872	0.65625
0.72601	0.74464	0.66667
0.79315	0.82031	0.70000
0.79048	0.80789	0.60000
0.81294	0.82468	0.72917
0.77011	0.84286	0.58730
0.77273	0.84211	0.57143
0.73427	0.75439	0.79167
0.80978	0.84668	0.63889
0.80903	0.84402	0.64815
0.82906	0.90980	0.37037
0.80441	0.84491	0.75000
0.77470	0.93519	0.60000
0.76322	0.81385	0.70455
0.71289	0.79688	0.48000
0.79067	0.87000	0.42000
0.75446	0.77557	0.78182
0.68595	0.76923	0.55556
0.81016	0.83838	0.62500
0.77778	0.81140	0.75000
0.72701	0.71875	0.83333
0.80247	0.83025	0.72222
0.83269	0.87857	0.64815
0.84107	0.87059	0.70833
0.83613	0.85714	0.80519
0.70839	0.74687	0.56667
0.67895	0.78077	0.36667
0.71692	0.67434	0.85000
0.75661	0.85338	0.48214
0.75641	0.77258	0.75000
0.76269	0.75974	0.80000
0.78077	0.88333	0.30000
0.85256	0.86928	0.81481
0.78509	0.81538	0.84091
0.76553	0.80451	0.57143
0.76522	0.85714	0.58333
0.70476	0.78697	0.46914
0.77661	0.84375	0.51429
0.78549	0.80870	0.58333
0.78639	0.84926	0.54762
0.80272	0.85313	0.65000
0.80556	0.90833	0.56364
0.76367	0.79959	0.40000
0.74000	0.79947	0.62500
0.84788	0.91304	0.60000
0.75789	0.78209	0.80000
0.79667	0.91667	0.35714
0.81044	0.82707	0.75556
0.66852	0.68452	0.66667
0.72552	0.75789	0.69697
0.74247	0.82353	0.45000
0.83111	0.87358	0.68889
0.70635	0.78912	0.45238
0.75000	0.76667	0.60000
0.79097	0.77131	0.82143
0.73457	0.89773	0.14286
0.72303	0.77206	0.65152
0.68403	0.79886	0.46429
0.73559	0.81074	0.55000
0.81940	0.83007	0.77778
0.71739	0.76389	0.36667
0.69275	0.78140	0.28571
0.75794	0.80921	0.50000
0.79365	0.89211	0.42857
0.74534	0.84795	0.26667
0.76852	0.81845	0.54167
0.81931	0.83014	0.78571
0.75606	0.83333	0.45833
0.74510	0.82937	0.42222
0.84473	0.87081	0.81250
0.72421	0.76923	0.64583
0.78775	0.81481	0.68750
0.67332	0.68254	0.63636
0.82692	0.88487	0.80000
0.84615	0.88826	0.50000
0.77778	0.83333	0.54762
0.71950	0.82073	0.33333
0.72090	0.80117	0.48148
0.69583	0.77407	0.33333
0.74421	0.81818	0.50000
0.71652	0.78175	0.69231
0.79693	0.82468	0.71429
0.83529	0.87626	0.72619
0.78926	0.87500	0.50000
0.85826	0.87143	0.80682
0.77056	0.81591	0.52381
0.75596	0.79063	0.75556
0.77853	0.94722	0.26667
0.71935	0.83188	0.30000
0.73920	0.79649	0.65000
0.80800	0.89766	0.41667
0.73219	0.80623	0.60000
0.67928	0.78077	0.45833
0.77926	0.83134	0.54167
0.77163	0.84474	0.55952
0.78763	0.85965	0.62500
0.77677	0.81333	0.69444
0.82000	0.87000	0.61429
0.79870	0.83066	0.60000
0.88833	0.88747	0.85714
0.77897	0.87250	0.50649
0.84516	0.89367	0.72500
0.64245	0.68676	0.55000
0.67133	0.71579	0.48485
0.80672	0.85800	0.55556
0.71467	0.78283	0.44643
0.69273	0.70760	0.85714
0.83086	0.85537	0.76923
0.80907	0.87500	0.64286
0.74691	0.81793	0.53247
0.88606	0.91533	0.83333
0.70230	0.77333	0.56250
0.79558	0.88763	0.41667
0.82892	0.81818	0.80000
0.65668	0.71429	0.58000
0.62562	0.71316	0.34568
0.75227	0.78333	0.60714
0.72742	0.71562	0.78571
0.81857	0.91765	0.51562
0.81522	0.84559	0.58333
0.82543	0.88462	0.57143
0.77366	0.79276	0.72500
0.90873	0.90523	0.91667
0.79771	0.91200	0.50000
0.68741	0.74219	0.40741
0.78444	0.82727	0.70000
0.85185	0.91837	0.59524
0.69410	0.78363	0.33333
0.83289	0.91429	0.61364
0.84677	0.87037	0.81667
0.76333	0.76111	0.76667
0.69665	0.78632	0.40278
0.86099	0.89286	0.89286
0.71429	0.77855	0.53030
0.74202	0.72944	0.76190
0.81458	0.91304	0.41558
0.70557	0.77857	0.37500
0.72917	0.75132	0.66667
0.76783	0.82043	0.31250
0.81594	0.85385	0.65909
0.74476	0.76863	0.62500
0.80435	0.86772	0.40000
0.80385	0.88406	0.45833
0.75484	0.77544	0.73333
0.84769	0.89000	0.67273
0.77573	0.81197	0.67308
0.67136	0.79167	0.48889
0.76344	0.76471	0.65909
0.88970	0.91775	0.81818
0.68452	0.73333	0.44444
0.73931	0.79167	0.59524
0.80051	0.87980	0.56061
0.73333	0.76571	0.54000
0.81767	0.86983	0.22222
0.67712	0.72727	0.46939
0.71884	0.73529	0.68750
0.77425	0.80952	0.53333
0.75434	0.80000	0.69091
0.73538	0.78005	0.55000
0.83269	0.94167	0.61364
0.84308	0.89506	0.66071
0.73558	0.78782	0.58333
0.73313	0.80978	0.50000
0.69280	0.76719	0.27778
0.72669	0.79688	0.70909
0.74143	0.82933	0.52000
0.81720	0.90794	0.50000
0.80441	0.79762	0.81944
0.73638	0.78175	0.60000
0.71225	0.75132	0.58333
0.82720	0.89216	0.60938
0.75571	0.79762	0.57143
0.68112	0.71579	0.61111
0.69818	0.72174	0.92308
0.73077	0.85333	0.21212
0.73789	0.76659	0.71429
0.85007	0.92690	0.52273
0.72651	0.83824	0.65556
0.80882	0.81250	0.80000
0.77733	0.81313	0.71429
0.75047	0.80784	0.54167
0.79286	0.86316	0.60000
0.79630	0.86806	0.56061
0.81988	0.83473	0.76190
0.75889	0.81985	0.47222
0.81054	0.91813	0.43750
0.76952	0.85043	0.50000
0.73415	0.75652	0.63636
0.81067	0.86648	0.70833
0.83097	0.90196	0.64286
0.77935	0.82639	0.70833
0.82056	0.90667	0.27273
0.77143	0.80288	0.73016
0.80296	0.86068	0.65000
0.86520	0.90682	0.50000
0.79429	0.83754	0.65909
0.78920	0.84211	0.63393
0.85037	0.87000	0.81429
0.84225	0.91005	0.63889
0.69231	0.67941	0.69048
0.76587	0.81176	0.69048
0.70308	0.74737	0.54286
0.89140	0.91176	0.77778
0.81225	0.91414	0.79167
0.78621	0.81304	0.71429
0.71429	0.78930	0.53125
0.88971	0.91077	0.78571
0.85208	0.91093	0.84848
0.71181	0.75333	0.58730
0.80296	0.87374	0.44444
0.71712	0.78571	0.42500
0.78079	0.81373	0.72727
0.78375	0.79532	0.71875
0.69832	0.78708	0.50000
0.73000	0.81169	0.84615
0.76548	0.79630	0.37500
0.86128	0.98077	0.56000
0.71429	0.74118	0.53333
0.82738	0.87500	0.53125
0.64038	0.64115	0.63889
0.77926	0.79444	0.77778
0.77174	0.80435	0.60000
0.77604	0.81250	0.62500
0.85370	0.90816	0.50000
0.65000	0.75113	0.50000
0.75125	0.84461	0.36364
0.74107	0.77008	0.62222
0.82527	0.85167	0.73333
0.77000	0.79286	0.72727
0.73197	0.85714	0.46591
0.83333	0.87616	0.71429
0.77859	0.83207	0.58333
0.76398	0.80159	0.65714
0.87960	0.90132	0.82500
0.68673	0.73810	0.45833
0.71392	0.72995	0.75000
0.79111	0.87970	0.52778
0.64069	0.71023	0.54545
0.76190	0.82313	0.59184
0.79613	0.84127	0.59615
0.77538	0.84444	0.52381
0.81686	0.84491	0.69048
0.75142	0.76042	0.68750
0.75714	0.80332	0.59091
0.80682	0.83854	0.70833
0.89062	0.92735	0.76667
0.86308	0.97326	0.37500
0.69415	0.72356	0.76190
0.79396	0.82125	0.72917
0.88629	0.92381	0.50000
0.75155	0.78000	0.68750
0.72059	0.73756	0.68182
0.75152	0.76190	0.68889
0.73280	0.79365	0.53333
0.82593	0.84239	0.75000
0.62414	0.64360	0.47222
0.83231	0.85000	0.80556
0.68360	0.71491	0.55714
0.71484	0.81250	0.48214
0.73022	0.80342	0.45455
0.82679	0.90598	0.64286
0.68007	0.66667	0.83333
0.71978	0.78846	0.45833
0.74830	0.84565	0.08333
0.86175	0.93939	0.38889
0.81643	0.84559	0.75000
0.75123	0.84399	0.53247
0.62391	0.66516	0.54762
0.80837	0.86349	0.62500
0.80762	0.82867	0.71429
0.73776	0.76667	0.64286
0.76970	0.79765	0.52000
0.79762	0.83333	0.70000
0.73401	0.78547	0.58000
0.72125	0.80040	0.45312
0.82754	0.84783	0.77778
0.82418	0.86232	0.60000
0.83951	0.84058	0.83333
0.66097	0.67941	0.55556
0.79464	0.87619	0.48214
0.70333	0.80272	0.33333
0.79310	0.87202	0.48438
0.76210	0.83117	0.25926
0.70699	0.72368	0.67857
0.70048	0.72222	0.62500
0.83540	0.83967	0.77143
0.71652	0.75214	0.64286
0.63616	0.75000	0.19444
0.83808	0.87812	0.75000
0.82072	0.91880	0.63095
0.82540	0.86667	0.61111
0.61259	0.70053	0.36250
0.70062	0.75668	0.55000
0.71510	0.79375	0.55714
0.78571	0.85263	0.57778
0.84235	0.85470	0.85714
0.87422	0.90741	0.78000
0.76720	0.86538	0.62500
0.71429	0.81667	0.35417
0.84375	0.89912	0.37500
0.71360	0.82043	0.41667
0.72000	0.79630	0.57143
0.72952	0.78019	0.50000
0.82816	0.87037	0.53333
0.78500	0.92177	0.45455
0.74524	0.78309	0.40000
0.78704	0.84211	0.46667
0.81965	0.87829	0.60714
0.83712	0.83333	0.83333
0.75523	0.81250	0.72727
0.78541	0.85965	0.57500
0.83016	0.84641	0.72917
0.81805	0.88352	0.70000
0.68870	0.81203	0.38889
0.80102	0.83158	0.72222
0.72267	0.74206	0.65000
0.78710	0.87826	0.62500
0.79839	0.82864	0.71429
0.71906	0.79514	0.55357
0.83877	0.89803	0.54286
0.76852	0.83158	0.54688
0.69278	0.73077	0.54688
0.80267	0.86579	0.58333
0.81909	0.85714	0.64583
0.79583	0.83333	0.57143
0.66558	0.72619	0.50000
0.76578	0.78247	0.57576
0.72890	0.80250	0.56250
0.77110	0.80159	0.70769
0.81039	0.82639	0.75000
0.79967	0.82933	0.62500
0.77151	0.85789	0.47917
0.80159	0.83333	0.68254
0.72595	0.76875	0.59259
0.85913	0.91950	0.50000
0.70723	0.72963	0.64815
0.61385	0.70667	0.50909
0.77959	0.84127	0.75000
0.78636	0.80602	0.73016
0.87440	0.90394	0.82540
0.77217	0.78947	0.62500
0.74138	0.85145	0.37273
0.78956	0.79947	0.45455
0.75697	0.88254	0.40385
0.71154	0.74206	0.65000
0.71405	0.77632	0.45833
0.75167	0.78676	0.55556
0.76498	0.81423	0.60417
0.76410	0.80952	0.50000
0.78815	0.84250	0.51429
0.82631	0.88222	0.58333
0.75694	0.81579	0.48000
0.70652	0.77694	0.00000
0.88509	0.96591	0.66667
0.74735	0.81250	0.56944
0.77701	0.82667	0.65455
0.86757	0.90303	0.69444
0.87179	0.90179	0.72500
0.70604	0.82864	0.33333
0.65967	0.69412	0.55556
0.70026	0.75833	0.52500
0.75188	0.81538	0.57812
0.77381	0.82765	0.55556
0.84630	0.92570	0.41667
0.70569	0.79321	0.42500
0.80603	0.87135	0.51667
0.82095	0.86667	0.62500
0.71267	0.80519	0.30000
0.70000	0.73333	0.66667
0.81287	0.86250	0.70455
0.83502	0.85714	0.71429
0.82328	0.86765	0.68254
0.71809	0.75731	0.65000
0.87594	0.88854	0.50000
0.84167	0.83768	0.94286
0.76847	0.78195	0.87500
0.87821	0.96594	0.61224
0.75304	0.84766	0.42857
0.74069	0.76316	0.70000
0.73457	0.76190	0.38095
0.84317	0.85855	0.85714
0.70460	0.76389	0.43939
0.89259	0.90725	0.85000
0.83654	0.92434	0.35714
0.74028	0.75910	0.71429
0.87500	0.88839	0.83333
0.75000	0.82738	0.48214
0.86068	0.85065	0.87500
0.74063	0.79000	0.58333
0.77759	0.81597	0.68182
0.76763	0.83553	0.72000
0.77539	0.77971	0.77778
0.83667	0.90351	0.55556
0.79885	0.85374	0.63750
0.84160	0.85714	0.77083
0.78906	0.96000	0.53968
0.80933	0.92434	0.57955
0.88057	0.89931	0.60000
0.68566	0.73968	0.50000
0.87292	0.87216	1.00000
0.72250	0.72840	0.60606
0.80808	0.90227	0.60000
0.75429	0.76989	0.75000
0.76748	0.82422	0.58333
0.81138	0.84420	0.70000
0.76282	0.82749	0.50000
0.72982	0.77891	0.53333
0.75379	0.84762	0.47619
0.81181	0.80357	0.78571
0.77160	0.82222	0.52381
0.75584	0.80706	0.48000
0.72222	0.78431	0.61429
0.86694	0.89565	0.78571
0.77640	0.79474	0.78125
0.83523	0.87037	0.76190
0.70833	0.76812	0.60938
0.79704	0.82353	0.73810
0.72840	0.73026	0.67500
0.81333	0.89234	0.56250
0.84211	0.91111	0.76786
0.74868	0.77778	0.63333
0.82126	0.82105	0.87500
0.72855	0.84844	0.46667
0.75296	0.81985	0.52778
0.76993	0.83214	0.75000
0.84245	0.86749	0.62963
0.71886	0.69250	0.85714
0.74182	0.78042	0.62500
0.74697	0.78571	0.66667
0.70323	0.74490	0.61667
0.77730	0.78670	0.68000
0.74380	0.81778	0.43750
0.70903	0.79412	0.33333
0.82396	0.88688	0.61111
0.76935	0.82353	0.71429
0.73558	0.80741	0.55556
0.80235	0.81250	0.85185
0.75641	0.76970	0.67532
0.74138	0.76087	0.71667
0.80471	0.86983	0.78182
0.85385	0.88843	0.59375
0.74261	0.82633	0.41667
0.71981	0.77709	0.47917
0.78022	0.79861	0.60000
0.79708	0.84314	0.60000
0.81548	0.86513	0.38889
0.67540	0.71354	0.70000
0.83807	0.87240	0.72917
0.81178	0.86603	0.57143
0.88077	0.89783	0.76190
0.71034	0.76842	0.48000
0.85833	0.93067	0.61818
0.81852	0.85400	0.45000
0.52554	0.64706	0.21250
0.89506	0.96691	0.67532
0.90972	0.91481	0.88889
0.81338	0.86232	0.85714
0.75291	0.90237	0.59341
0.78017	0.80320	0.66667
0.78000	0.81203	0.63333
0.75744	0.78544	0.62222
0.82414	0.85217	0.66667
0.78636	0.85294	0.76000
0.70356	0.75294	0.51389
0.72636	0.78333	0.60000
0.79749	0.82943	0.70000
0.71728	0.75208	0.80000
0.73913	0.77494	0.58333
0.75996	0.77462	0.73333
0.66023	0.75128	0.46970
0.70660	0.73333	0.66667
0.83374	0.87500	0.60000
0.81994	0.83333	0.75000
0.66286	0.73438	0.41667
0.82298	0.89205	0.64286
0.84253	0.89429	0.58333
0.76701	0.80000	0.50000
0.86310	0.90093	0.67273
0.70919	0.75238	0.45238
0.91865	0.92857	0.64286
0.84533	0.87371	0.77778
0.81481	0.85166	0.62500
0.80435	0.82913	0.50000
0.67914	0.69565	0.73333
0.78846	0.87760	0.52500
0.77565	0.80392	0.61905
0.70487	0.72446	0.66667
0.87333	0.92361	0.62500
0.72250	0.83887	0.31944
0.78846	0.83333	0.63889
0.71556	0.90404	0.40816
0.85340	0.90000	0.72500
0.75758	0.82143	0.33333
0.75897	0.80471	0.57778
0.78030	0.83654	0.57143
0.83466	0.86364	0.56667
0.73739	0.81333	0.56250
0.60743	0.68111	0.45556
0.81727	0.84926	0.73333
0.74483	0.73026	0.67500
0.83498	0.84450	0.80000
0.72530	0.79688	0.52381
0.76211	0.74339	0.82222
0.83030	0.90278	0.66667
0.65667	0.79375	0.22222
0.79932	0.81988	0.71429
0.83949	0.86333	0.76190
0.70942	0.80592	0.44444
0.71444	0.75284	0.66964
0.72377	0.75000	0.52778
0.79969	0.79467	0.62500
0.74916	0.77855	0.62963
0.70443	0.78571	0.42500
0.69925	0.75481	0.54167
0.79630	0.78684	0.83673
0.81358	0.88312	0.51111
0.70536	0.77727	0.41667
0.84740	0.91696	0.61818
0.74588	0.85833	0.32812
0.83553	0.90741	0.62500
0.78581	0.81236	0.91667
0.73047	0.87059	0.32143
0.71212	0.77812	0.34615
0.76087	0.80055	0.52273
0.74765	0.79216	0.73810
0.73203	0.76286	0.66667
0.78889	0.85000	0.52381
0.79529	0.83644	0.72500
0.81111	0.84211	0.76000
0.74861	0.81871	0.54545
0.81650	0.82609	0.77500
0.68226	0.80882	0.36667
0.74814	0.79365	0.76000
0.76786	0.81439	0.66667
0.74599	0.72283	1.00000
0.90833	0.96540	0.47619
0.86782	0.87446	0.76190
0.86371	0.94643	0.57500
0.74306	0.71745	0.78750
0.80048	0.86779	0.51667
0.79772	0.85354	0.58333
0.68077	0.73333	0.54545
0.93771	0.97569	0.79545
0.67166	0.72000	0.57500
0.65000	0.63077	0.68367
0.82143	0.87037	0.60000
0.82654	0.89015	0.57143
0.81143	0.88684	0.58333
0.84615	0.88889	0.71429
0.69692	0.72682	0.60000
0.67788	0.69211	0.57143
0.72276	0.73065	0.73333
0.87192	0.89418	0.95833
0.79680	0.87433	0.75000
0.79286	0.80444	0.42424
0.76769	0.78947	0.69048
0.69679	0.76482	0.33333
0.81548	0.88095	0.29167
0.72167	0.79239	0.41071
0.80952	0.88672	0.60000
0.76667	0.79227	0.73810
0.76407	0.81269	0.71111
0.64456	0.72515	0.45000
0.74065	0.74641	0.58333
0.71368	0.78446	0.45238
0.73485	0.76471	0.75000
0.68182	0.75347	0.46000
0.67194	0.81026	0.37143
0.77692	0.77368	0.80303
0.70798	0.78116	0.48214
0.82532	0.86068	0.57778
0.75687	0.83934	0.49206
0.90727	0.91000	0.70000
0.78912	0.86878	0.55682
0.77395	0.77083	0.75758
0.78485	0.86923	0.63333
0.72714	0.85417	0.38462
0.74571	0.79412	0.62500
0.86851	0.93333	0.73846
0.85375	0.87946	0.75000
0.72134	0.80784	0.50000
0.75794	0.84656	0.46667
0.89333	0.92997	0.70833
0.75926	0.80556	0.41667
0.54969	0.61765	0.36364
0.71286	0.74667	0.66250
0.78326	0.84474	0.55357
0.72576	0.77193	0.64935
0.84432	0.89164	0.73214
0.73226	0.85152	0.28889
0.85447	0.85667	0.91667
0.74668	0.77500	0.66667
0.74643	0.80000	0.45714
0.82253	0.90278	0.54762
0.74744	0.74830	0.73333
0.86957	0.91641	0.69048
0.76936	0.80588	0.50000
0.79533	0.88235	0.75325
0.77915	0.83565	0.62963
0.85878	0.86216	0.68750
0.76339	0.84034	0.36364
0.71404	0.73377	0.80000
0.78125	0.86555	0.63571
0.81043	0.83642	0.60000
0.70908	0.74060	0.54286
0.82188	0.85417	0.57143
0.67018	0.72063	0.50000
0.69476	0.77489	0.27500
0.77104	0.83041	0.59375
0.65783	0.67036	0.55714
0.81878	0.86476	0.44444
0.78750	0.83456	0.54167
0.65489	0.76263	0.38000
0.78438	0.81366	0.65000
0.78632	0.82407	0.60000
0.81386	0.83800	0.71429
0.82670	0.86500	0.66667
0.83553	0.88947	0.77778
0.64596	0.77083	0.46032
0.71889	0.80567	0.43333
0.61111	0.64881	0.53333
0.79533	0.83081	0.66667
0.73782	0.76095	0.68000
0.85802	0.86235	0.87500
0.65812	0.77187	0.54286
0.81746	0.87798	0.63636
0.75714	0.79739	0.66667
0.81548	0.86513	0.52000
0.83813	0.91967	0.50000
0.84933	0.89722	0.60000
0.81530	0.87647	0.86538
0.76955	0.82026	0.64444
0.73024	0.76339	0.68519
0.72863	0.82632	0.37500
0.73571	0.74247	0.75000
0.80571	0.85263	0.58333
0.85348	0.91331	0.64286
0.91000	0.94048	0.59375
0.70897	0.77619	0.45000
0.63355	0.72917	0.39744
0.77667	0.77143	0.80000
0.86054	0.87000	0.79167
0.72833	0.76471	0.41667
0.75718	0.71389	0.87037
0.65700	0.76364	0.22500
0.56190	0.58214	0.54286
0.73718	0.86842	0.25000
0.79067	0.83960	0.86364
0.84219	0.91950	0.60000
0.71599	0.73016	0.61905
0.68000	0.69883	0.61224
