8
10
8
17
11
9
8
14
13
15
12
9
10
7
15
19
10
16
10
7
9
16
10
13
10
9
17
10
11
13
10
13
14
12
12
8
13
14
12
11
18
9
12
17
15
11
16
15
9
10
12
17
10
9
15
9
26
10
12
15
13
15
18
11
9
17
8
13
12
9
20
16
13
25
9
11
12
9
13
17
12
15
11
11
11
14
12
13
16
15
13
14
9
17
12
11
10
13
8
14
12
9
10
17
12
16
13
17
17
11
18
12
8
11
11
10
12
11
18
9
10
8
14
10
9
16
15
13
7
8
9
23
13
8
9
9
12
8
10
13
18
9
14
9
12
13
18
12
9
14
9
9
13
10
17
17
16
8
18
10
12
15
13
8
11
14
15
14
8
10
8
18
12
16
9
10
10
13
9
10
16
15
12
16
12
17
9
8
12
11
13
13
18
9
13
9
16
9
10
9
9
8
11
8
12
9
17
9
13
11
11
19
11
15
16
16
9
13
8
16
12
9
10
18
21
26
18
12
12
15
11
9
11
7
10
13
12
14
13
15
11
12
14
15
11
16
17
7
11
12
10
9
18
9
12
10
14
7
9
8
13
10
10
10
14
13
12
10
13
15
10
24
13
9
12
13
10
16
9
10
19
10
8
20
13
12
8
11
9
10
18
14
9
12
11
8
13
14
12
8
8
13
21
12
9
19
15
11
13
9
11
16
11
16
7
13
11
16
13
13
18
9
12
13
9
14
9
9
9
14
11
18
10
9
11
12
14
17
13
20
13
10
12
18
18
13
11
15
11
12
11
19
7
12
12
14
13
12
9
8
12
12
22
11
9
14
14
19
10
14
14
12
14
9
17
10
17
23
8
15
14
15
10
10
12
12
12
11
13
15
12
16
15
12
11
14
18
12
8
11
14
12
14
11
8
11
13
17
18
10
10
17
10
6
12
9
12
13
15
15
12
10
11
10
9
10
12
15
9
11
11
10
13
12
8
10
24
14
9
15
7
15
10
9
11
14
7
12
12
16
11
13
12
8
20
10
11
9
10
7
13
12
9
16
10
11
12
14
21
7
18
9
14
8
13
8
11
8
21
13
11
8
7
9
13
20
13
11
17
26
13
16
13
12
28
15
11
17
10
10
10
10
15
13
10
9
15
10
18
11
13
12
11
17
10
17
15
11
15
9
13
15
9
9
9
13
17
15
7
13
10
16
11
12
15
7
10
8
16
19
9
14
10
13
21
11
7
11
9
14
9
13
9
14
10
13
8
12
20
8
10
9
12
9
14
7
14
7
9
10
8
11
10
12
13
14
15
16
11
17
9
16
17
14
21
19
15
9
8
20
12
9
11
12
11
8
11
9
13
12
9
16
17
13
13
12
8
10
20
10
13
9
8
12
13
13
9
17
17
17
14
14
12
10
12
10
15
11
13
11
9
8
10
21
13
7
10
10
12
10
16
7
11
10
10
15
19
9
9
11
14
7
9
9
10
11
13
12
13
12
6
11
11
18
14
17
10
13
19
15
11
10
15
8
20
16
14
9
22
12
12
14
12
15
12
14
10
10
15
18
21
12
12
8
9
9
13
13
13
9
8
18
9
15
11
8
9
11
9
10
11
12
11
15
20
9
17
18
14
14
9
12
13
8
11
18
9
8
5
14
9
18
18
12
19
9
11
9
19
13
12
14
10
13
18
16
12
11
10
10
8
14
15
9
14
8
9
14
12
7
9
11
13
15
8
13
14
8
9
8
13
16
10
15
9
10
14
13
9
8
16
13
10
8
8
15
15
16
12
11
12
12
8
13
10
14
11
11
8
20
9
11
17
13
13
12
8
12
9
12
12
14
11
14
9
9
10
11
9
18
13
10
10
13
8
10
20
19
16
13
17
9
10
13
16
8
9
9
10
13
14
11
11
12
10
11
8
14
9
8
15
10
9
6
12
11
9
11
8
12
9
8
16
9
15
14
9
16
8
10
12
8
11
10
16
10
9
9
9
12
17
11
20
15
11
10
23
12
8
14
10
13
10
7
16
13
10
9
14
11
14
12
15
9
9
10
9
9
8
15
15
8
12
12
14
10
15
11
11
8
13
10
16
9
11
11
7
8
21
19
13
8
16
15
18
11
18
13
15
17
10
15
10
10
7
18
13
15
10
13
9
10
24
18
11
12
11
16
9
12
11
9
25
12
9
8
8
13
13
14
11
20
16
14
7
11
18
9
8
14
11
10
13
11
10
18
12
9
11
10
11
13
12
18
15
23
13
7
10
12
