overall	high_tfx	low_tfx
0.89685	0.90588	0.86667
0.79766	0.84559	0.69841
0.94519	0.97857	0.67857
0.91538	0.93968	0.72000
0.90030	0.94398	0.69388
0.88047	0.89286	0.85000
0.93651	0.94097	0.93333
0.93056	0.96359	0.83333
0.88665	0.92157	0.66667
0.87776	0.90556	0.71429
0.91231	0.90727	0.93333
0.93956	0.94750	0.85417
0.89327	0.90441	0.85000
0.90247	0.91520	0.87143
0.93386	0.97193	0.83333
0.88889	0.90476	0.83333
0.87205	0.89153	0.79167
0.94246	0.97794	0.78125
0.88640	0.92353	0.75000
0.87139	0.92732	0.72727
0.89206	0.95238	0.72840
0.81746	0.83333	0.77778
0.94483	0.97199	0.89583
0.91912	0.95238	0.45455
0.84848	0.84161	0.84375
0.88871	0.92895	0.74074
0.90170	0.92222	0.85000
0.93357	0.94643	0.87500
0.87946	0.88426	0.83333
0.87458	0.90833	0.73333
0.84066	0.88158	0.64286
0.91667	0.93750	0.85000
0.89545	0.92857	0.75926
0.88125	0.93478	0.66667
0.89913	0.90741	0.88312
0.99123	0.98980	1.00000
0.87879	0.92500	0.79167
0.86312	0.90402	0.70833
0.89687	0.90278	0.87500
0.85870	0.90402	0.79545
0.91852	0.92532	0.83636
0.93939	0.98024	0.75000
0.93791	0.98000	0.61905
0.82157	0.83750	0.79545
0.86557	0.87333	0.86905
0.88064	0.90476	0.74000
0.91536	0.91562	0.88889
0.80944	0.85667	0.54545
0.89084	0.88846	0.92857
0.96708	0.98452	0.92000
0.90857	0.93557	0.75000
0.81731	0.84375	0.75000
0.88348	0.92810	0.72500
0.84468	0.84848	0.79630
0.94857	0.97784	0.83333
0.84188	0.86250	0.93333
0.88000	0.89724	0.90000
0.92730	0.96667	0.84524
0.92713	0.93056	1.00000
0.86708	0.90046	0.76364
0.84058	0.89118	0.64286
0.84381	0.92982	0.47222
0.84018	0.85714	0.90000
0.85776	0.88360	0.77083
0.91626	0.92500	0.93333
0.90457	0.92105	0.85455
0.92695	0.91005	1.00000
0.94930	0.98830	0.71429
0.85000	0.87500	0.73333
0.88414	0.93611	0.72000
0.88182	0.91176	0.80000
0.90972	0.95798	0.72857
0.87202	0.89223	0.70370
0.87469	0.86613	0.88889
0.82503	0.83523	0.76000
0.92166	0.94361	0.79762
0.85833	0.92157	0.37500
0.86420	0.88235	0.82857
0.95977	0.98125	0.92308
0.85255	0.82186	0.97500
0.85600	0.87719	0.88095
0.90769	0.92641	0.82500
0.90548	0.94737	0.68750
0.86718	0.91111	0.80519
0.91048	0.92157	0.93750
0.91168	0.92072	0.83333
0.93455	0.93697	0.92500
0.97335	0.98889	0.80556
0.85897	0.89161	0.81250
0.95130	0.97661	0.80556
0.93095	0.92821	0.96875
0.88043	0.94000	0.69231
0.93846	0.95652	0.78571
0.87706	0.91484	0.70370
0.84615	0.83889	0.87500
0.92387	0.94286	0.78571
0.87931	0.92657	0.57143
0.95301	0.97941	0.68750
0.91276	0.93750	0.81250
0.91739	0.91944	0.94444
0.87302	0.87000	0.97619
0.87097	0.91964	0.73016
0.91273	0.92105	0.80556
0.91810	0.93135	0.90000
0.83974	0.88986	0.74074
0.89185	0.94118	0.62500
0.89103	0.88522	1.00000
0.85000	0.85556	0.85455
0.90159	0.93122	0.88889
0.90577	0.95789	0.80000
0.89752	0.94771	0.80000
0.90281	0.93333	0.79167
0.94314	0.97333	0.83333
0.91642	0.95098	0.80000
0.90885	0.93750	0.77778
0.86809	0.90476	0.77381
0.88043	0.92763	0.81250
0.87258	0.89882	0.66667
0.87138	0.91403	0.80000
0.90398	0.89474	0.95833
0.92450	0.97273	0.76364
0.92328	0.92826	0.94286
0.93333	0.96032	0.58333
0.86667	0.90159	0.75000
0.89973	0.92781	0.85000
0.93182	0.93860	1.00000
0.84000	0.89762	0.70000
0.94079	0.93043	0.94444
0.85278	0.89697	0.77778
0.87857	0.88515	0.90476
0.90933	0.90909	0.96429
0.91523	0.92344	0.91429
0.87857	0.91967	0.70370
0.90986	0.93333	0.85417
0.86167	0.89474	0.77083
0.87969	0.91627	0.20000
0.86476	0.92734	0.62500
0.81105	0.88571	0.37500
0.88594	0.89773	0.83333
0.86957	0.88562	0.87500
0.87809	0.92969	0.75000
0.91454	0.95975	0.81250
0.90675	0.93333	0.70000
0.75510	0.82778	0.50000
0.90545	0.91176	0.81250
0.87346	0.93651	0.75556
0.90530	0.96296	0.85714
0.88278	0.91212	0.87500
0.84178	0.86364	0.72222
0.92500	0.93590	1.00000
0.90591	0.93357	0.85859
0.88413	0.90370	0.87500
0.89242	0.93277	0.80769
0.93538	0.96561	0.78125
0.91667	0.95779	0.79167
0.98759	1.00000	0.87500
0.87885	0.90074	0.76667
0.95714	0.97214	0.90278
0.92593	0.93452	1.00000
0.90208	0.93333	0.86000
0.90833	0.94097	0.81250
0.92308	0.95098	0.85417
0.87963	0.90584	0.83929
0.83091	0.87255	0.65714
0.81950	0.80556	0.87692
0.84000	0.90175	0.68000
0.88871	0.95588	0.69444
0.88319	0.91304	0.85000
0.87840	0.91176	0.81667
0.89198	0.92798	0.82500
0.89316	0.93651	0.73333
0.91739	0.96676	0.86364
0.83218	0.86622	0.75000
0.94750	0.97083	0.82500
0.93210	0.93889	0.94444
0.89194	0.88889	0.87500
0.91667	0.92398	0.86667
0.84472	0.86842	0.79167
0.89161	0.89815	0.89011
0.89565	0.87654	1.00000
0.90829	0.91776	0.90000
0.82316	0.87083	0.76667
0.91077	0.92353	0.85714
0.80769	0.84333	0.66667
0.80357	0.82750	0.70833
0.85714	0.86813	0.78571
0.88750	0.88889	0.92593
0.91810	0.94974	0.77083
0.97180	0.96930	0.98413
0.92832	0.98000	0.85000
0.90000	0.93333	0.74545
0.85007	0.90556	0.57778
0.90625	0.92292	0.72222
0.85185	0.88750	0.71429
0.92857	0.94617	0.78571
0.86923	0.91071	0.81667
0.92438	0.93913	0.91667
0.90508	0.92798	0.78571
0.91481	0.93706	0.85714
0.91226	0.96465	0.68254
0.89286	0.90476	0.92857
0.88213	0.91980	0.75714
0.87097	0.90476	0.71429
0.86507	0.91980	0.59375
0.87068	0.91270	0.65000
0.88690	0.89197	0.84848
0.88542	0.94444	0.72857
0.88077	0.89352	0.63333
0.91000	0.94286	0.81818
0.84740	0.85965	0.76923
0.87566	0.90789	0.78125
0.88533	0.95072	0.80000
0.85385	0.85449	0.85714
0.85346	0.87374	0.84000
0.86607	0.88500	0.75000
0.90769	0.94048	0.59091
0.89498	0.92105	0.80000
0.90598	0.94722	0.75926
0.92901	0.94737	0.91667
0.87069	0.91111	0.81481
0.87135	0.91036	0.75000
0.82770	0.82331	0.87500
0.88043	0.88756	0.87500
0.85467	0.86000	0.82222
0.89815	0.91270	0.87500
0.79704	0.88947	0.41667
0.93006	0.97368	0.69444
0.76840	0.78431	0.71111
0.90303	0.89697	0.98214
0.91137	0.94427	0.72222
0.79826	0.87451	0.56667
0.88622	0.88487	0.91071
0.89506	0.93213	0.82000
0.90385	0.92000	0.85185
0.87798	0.88021	0.90625
0.85091	0.85714	0.86111
0.86286	0.91022	0.71212
0.93889	0.97222	0.75000
0.87946	0.93275	0.72000
0.90431	0.90476	0.90000
0.93676	0.96140	0.85714
0.84167	0.87879	0.75000
0.90833	0.91830	0.89796
0.83156	0.87105	0.68254
0.90204	0.97119	0.80208
0.76818	0.79231	0.76923
0.92042	0.92029	0.86667
0.87074	0.93189	0.78462
0.77083	0.84314	0.54762
0.85920	0.88095	0.74074
0.95556	0.94678	1.00000
0.95791	1.00000	0.71111
0.89397	0.88909	0.96667
0.90172	0.89145	0.92500
0.91204	0.91319	0.91667
0.91848	0.93529	0.87500
0.87238	0.88077	0.83333
0.93333	0.98400	0.69091
0.88624	0.95238	0.66667
0.85256	0.90281	0.75000
0.82500	0.88312	0.66667
0.90300	0.90909	0.92000
0.83540	0.90000	0.66667
0.90301	0.94771	0.64444
0.93500	0.94866	0.94444
0.92391	0.92517	0.96825
0.89286	0.92333	0.80556
0.83654	0.84188	0.85714
0.93162	0.93864	0.96429
0.92262	0.96753	0.76667
0.89648	0.95909	0.76667
0.90875	0.92547	0.90909
0.91270	0.90833	0.94444
0.84423	0.87937	0.57500
0.93452	0.96842	0.83077
0.95491	0.96491	0.95833
0.92105	0.90333	1.00000
0.95833	0.97024	0.92593
0.87461	0.90642	0.74286
0.89793	0.89474	0.96429
0.90105	0.90159	0.93750
0.87097	0.92368	0.72727
0.91558	0.93048	0.90000
0.87179	0.94853	0.71111
0.89984	0.89223	1.00000
0.89130	0.95489	0.65625
0.92803	0.94097	1.00000
0.83631	0.84503	0.96429
0.90230	0.92381	0.79167
0.93939	0.92800	1.00000
0.90185	0.95156	0.66667
0.82923	0.85789	0.88889
0.86657	0.92778	0.88636
0.89161	0.92083	0.81818
0.89714	0.92000	0.80000
0.91333	0.95578	0.84848
0.87051	0.92244	0.70130
0.89800	0.91503	0.93750
0.85333	0.86687	0.76667
0.83676	0.85354	0.68889
0.90035	0.95679	0.62500
0.86111	0.89394	0.69697
0.87500	0.90374	0.75000
0.97962	0.98000	0.97222
0.92465	0.94976	0.88000
0.91472	0.96154	0.77500
0.90227	0.90441	1.00000
0.90741	0.94408	0.81250
0.82126	0.88333	0.57143
0.90217	0.95238	0.78750
0.87574	0.91176	0.75926
0.86801	0.88333	0.82500
0.88793	0.92500	0.77778
0.98124	0.98210	1.00000
0.86207	0.88131	0.85455
0.79688	0.82323	0.70000
0.85303	0.88889	0.66667
0.92012	0.92500	0.88333
0.89967	0.93609	0.87500
0.90844	0.93802	0.79592
0.90081	0.92735	0.77083
0.94391	0.94722	0.94444
0.93344	0.97744	0.71429
0.79456	0.80342	0.77778
0.79967	0.79474	0.88889
0.90862	0.94375	0.72222
0.88272	0.92982	0.62500
0.96450	0.97778	0.91667
0.91833	0.94048	0.80000
0.92560	0.92982	0.92000
0.92960	0.99306	0.69841
0.88285	0.91304	0.77500
0.89615	0.96053	0.68571
0.89161	0.90441	0.86000
0.89143	0.91111	0.85000
0.94841	0.98747	0.77778
0.90891	0.90370	0.96875
0.87896	0.88469	0.84848
0.89615	0.92157	0.87879
0.90727	0.96540	0.67500
0.88333	0.91304	0.79592
0.87054	0.89975	0.70370
0.87037	0.87778	0.80556
0.86834	0.89572	0.80556
0.87500	0.91228	0.70000
0.96207	0.96594	1.00000
0.85273	0.90461	0.64286
0.95186	0.99722	0.62500
0.83857	0.86471	0.87273
0.88359	0.91304	0.75000
0.88690	0.92398	0.76000
0.87714	0.89000	0.82500
0.84696	0.97685	0.50649
0.86080	0.87701	0.80000
0.88474	0.93421	0.88889
0.85140	0.86068	0.88889
0.88975	0.91071	0.83673
0.86869	0.88148	0.84444
0.92995	0.94498	0.95238
0.86000	0.91228	0.61224
0.89256	0.92677	0.84091
0.85714	0.87879	0.77500
0.90476	0.95635	0.75714
0.85484	0.90196	0.77381
0.90290	0.93048	0.75000
0.94649	0.94118	0.96296
0.94727	0.97656	0.85185
0.88194	0.91204	0.77778
0.86304	0.89931	0.64286
0.84046	0.90476	0.71212
0.86378	0.88889	0.72222
0.89193	0.93095	0.79545
0.87304	0.88889	0.80000
0.89600	0.90618	0.83333
0.91111	0.94022	0.83333
0.88142	0.89167	0.76667
0.88889	0.91562	0.71429
0.92473	0.96591	0.66667
0.93500	0.93333	0.96667
0.89904	0.91388	0.80000
0.89355	0.92982	0.84091
0.77778	0.80370	0.71717
0.87659	0.87647	0.88889
0.90805	0.92157	0.81818
0.90058	0.94762	0.81667
0.88235	0.91875	0.77551
0.84000	0.88021	0.72222
0.87130	0.88611	0.77083
0.86863	0.87912	0.88889
0.88889	0.90461	0.90909
0.88462	0.89825	0.82857
0.93573	0.96218	0.87037
0.88615	0.92368	0.77778
0.89583	0.93750	0.65000
0.92432	0.92584	0.93651
0.86043	0.89846	0.62500
0.92308	0.93529	0.80556
0.92007	0.92698	0.90476
0.91840	0.94035	0.77778
0.92042	0.93939	0.85714
0.92475	0.93947	0.85714
0.93621	0.93789	0.91667
0.90065	0.92547	0.75000
0.85846	0.86842	0.80000
0.92000	0.97826	0.75000
0.91818	0.92708	0.92857
0.87963	0.87353	0.92500
0.97077	0.97661	1.00000
0.85484	0.88820	0.78125
0.91987	0.95142	0.86154
0.88611	0.92500	0.71875
0.90171	0.95113	0.67857
0.90897	0.95833	0.78788
0.86063	0.91520	0.75000
0.80594	0.80417	0.84286
0.79630	0.84773	0.64286
0.90584	0.94737	0.72857
0.88750	0.92982	0.73333
0.95091	0.98611	0.71429
0.96640	0.97000	0.96000
0.91111	0.95989	0.77500
0.90934	0.92929	0.92500
0.84547	0.91534	0.65278
0.90710	0.94737	0.84722
0.89080	0.94444	0.66667
0.90370	0.90606	0.79167
0.90290	0.94589	0.62500
0.88142	0.93162	0.84444
0.88194	0.88995	0.87500
0.90260	0.93452	0.66667
0.92328	0.92584	1.00000
0.86735	0.89931	0.72222
0.90000	0.93750	0.73810
0.88615	0.97000	0.64286
0.87179	0.90476	0.77083
0.93880	0.95625	0.81250
0.82287	0.83333	0.80000
0.82759	0.85759	0.65000
0.90469	0.94105	0.61111
0.88149	0.88796	0.91429
0.91605	0.92157	0.90000
0.89286	0.92571	0.79167
0.88690	0.92368	0.67500
0.90476	0.93235	0.81250
0.92815	0.95139	0.84615
0.88615	0.92941	0.75556
0.91123	0.93333	0.77778
0.87138	0.88971	0.83673
0.90476	0.93627	0.75000
0.87500	0.89217	0.73333
0.95161	0.96250	0.81818
0.88571	0.91562	0.76000
0.90312	0.92839	0.79167
0.89805	0.90625	0.85714
0.89853	0.94410	0.69697
0.88538	0.87500	1.00000
0.87130	0.93421	0.61538
0.84588	0.87643	0.75000
0.88783	0.92593	0.78571
0.86000	0.84211	0.90000
0.92240	0.95588	0.71429
0.92627	0.93333	0.95238
0.88906	0.92105	0.80556
0.86862	0.90374	0.75758
0.87069	0.86335	0.88889
0.89211	0.92105	0.88636
0.84739	0.87879	0.76389
0.86022	0.89338	0.81429
0.92381	0.93537	0.88889
0.92949	0.93056	0.94444
0.83598	0.82500	0.90000
0.89174	0.90000	0.89583
0.85360	0.87857	0.84848
0.94886	0.98148	0.78571
0.87674	0.89474	0.72000
0.89601	0.95918	0.75000
0.86115	0.88406	0.75000
0.94540	0.97500	0.81818
0.96939	0.98701	0.95238
0.86143	0.86869	0.93333
0.81778	0.85714	0.41667
0.88296	0.92500	0.70909
0.90402	0.92188	0.73333
0.85628	0.89524	0.80000
0.80048	0.86835	0.72619
0.91447	0.92157	0.87500
0.89163	0.89683	0.88889
0.83939	0.84759	0.82500
0.91941	0.95873	0.73333
0.89655	0.93537	0.70833
0.88810	0.95299	0.70000
0.84832	0.88406	0.64583
0.93466	0.94286	0.87500
0.92475	0.94286	0.86667
0.78957	0.83690	0.61111
0.95556	0.97600	0.80000
0.84041	0.87912	0.85000
0.90556	0.94103	0.77778
0.87000	0.88889	0.79592
0.95507	0.98148	0.91667
0.83736	0.87105	0.70833
0.91652	0.92157	0.90000
0.85468	0.89615	0.83594
0.93077	0.95455	0.77778
0.87531	0.90909	0.72000
0.88329	0.88038	0.87500
0.93071	0.97090	0.78182
0.89000	0.93189	0.66667
0.88963	0.88920	0.85714
0.82483	0.86275	0.78788
0.87987	0.88430	0.92424
0.84858	0.90278	0.66667
0.86813	0.87662	0.85714
0.87231	0.91787	0.68750
0.90535	0.94762	0.71429
0.83200	0.85667	0.64000
0.91137	0.92105	1.00000
0.90720	0.91111	0.95238
0.88889	0.90652	0.77500
0.90000	0.91033	0.95000
0.87054	0.88889	0.80952
0.88306	0.95990	0.58000
0.89150	0.90374	0.80000
0.85355	0.87831	0.80000
0.93538	0.93791	0.93750
0.86728	0.90741	0.81944
0.88068	0.91353	0.75000
0.86458	0.87582	0.83333
0.92170	0.93810	0.88095
0.93400	0.94848	0.93333
0.94160	0.94974	0.93333
0.90261	0.90278	1.00000
0.82778	0.85417	0.72222
0.88218	0.91500	0.68750
0.82973	0.85152	0.66667
0.88471	0.92130	0.76190
0.86813	0.92330	0.63333
0.87821	0.94048	0.67500
0.94759	0.96211	0.91667
0.88906	0.92929	0.71429
0.90528	0.93939	0.70000
0.91172	0.94156	0.75000
0.89694	0.91919	0.68000
0.89565	0.90588	0.83333
0.93452	0.96405	0.86667
0.84129	0.92000	0.51852
0.86270	0.89286	0.74286
0.86975	0.90196	0.78846
0.87172	0.92995	0.66667
0.91935	0.93506	0.90741
0.89201	0.89703	0.84375
0.90177	0.96405	0.70000
0.86749	0.89236	0.66667
0.86418	0.88158	0.80769
0.94533	0.95238	1.00000
0.88587	0.93522	0.77273
0.86508	0.86667	0.87037
0.90833	0.93275	0.80556
0.83580	0.86970	0.68182
0.89272	0.93048	0.78333
0.83482	0.86364	0.88889
0.89037	0.91776	0.83333
0.88765	0.92182	0.62500
0.87521	0.89510	0.83929
0.94722	0.97656	0.89286
0.78269	0.83203	0.60000
0.90981	0.94617	0.63333
0.86058	0.90582	0.62857
0.90220	0.92997	0.81667
0.90596	0.93016	0.78571
0.92500	0.92941	0.87500
0.88762	0.88235	0.90000
0.87698	0.89931	0.69444
0.90154	0.95724	0.77778
0.89815	0.91579	0.82857
0.83148	0.88927	0.56667
0.90500	0.92105	0.82857
0.86330	0.90000	0.76190
0.89926	0.92986	0.12500
0.91040	0.97368	0.68182
0.88658	0.92667	0.83333
0.90338	0.93484	0.83333
0.86957	0.91544	0.57143
0.89429	0.89474	0.93333
0.88727	0.87566	0.94545
0.86111	0.89706	0.79167
0.95497	0.97727	0.86667
0.89511	0.91126	0.81250
0.83478	0.85197	0.83333
0.85500	0.89840	0.70833
0.86145	0.90476	0.68750
0.85833	0.83951	0.92857
0.93301	0.94697	0.90000
0.95000	0.95238	0.93750
0.89676	0.95833	0.75758
0.88923	0.89841	0.84000
0.85688	0.85714	0.75000
0.86357	0.89869	0.80303
0.88499	0.91816	0.77083
0.90909	0.90000	1.00000
0.92258	0.96471	0.51515
0.86143	0.93275	0.66667
0.84848	0.89298	0.72500
0.89828	0.90909	0.79630
0.91407	0.94444	0.86111
0.93047	0.92839	0.92593
0.86790	0.88816	0.77083
0.84314	0.88920	0.71667
0.86111	0.88315	0.84375
0.85536	0.87132	0.77273
0.89236	0.88571	0.92593
0.90519	0.90226	0.94444
0.89319	0.91615	0.85455
0.93223	0.98333	0.71667
0.85909	0.87500	0.77778
0.92866	0.93364	0.88333
0.85880	0.91146	0.68750
0.91954	0.93750	0.80000
0.91278	0.95000	0.96154
0.85613	0.86842	0.81250
0.88624	0.90058	0.82716
0.91645	0.94183	0.87143
0.91005	0.93062	0.80000
0.84073	0.87500	0.75000
0.92720	0.97321	0.85714
0.90828	0.92437	0.91111
0.88043	0.91176	0.74545
0.92903	0.97159	0.69444
0.91497	0.92982	0.85714
0.83103	0.85855	0.82500
0.80690	0.84412	0.76389
0.93645	0.93122	0.93750
0.89394	0.89216	0.93333
0.88615	0.92271	0.66667
0.90154	0.92593	0.83117
0.84585	0.88889	0.75556
0.83590	0.89120	0.62500
0.93357	0.98148	0.73214
0.85863	0.91950	0.72727
0.93931	0.92632	0.98000
0.85455	0.84190	0.92208
0.85714	0.87917	0.80808
0.90581	0.94258	0.79630
0.87429	0.86250	1.00000
0.88462	0.94583	0.77083
0.89333	0.93162	0.79762
0.91600	0.93882	0.77500
0.88462	0.92398	0.79221
0.83764	0.83295	0.83333
0.89060	0.90618	0.78125
0.91379	0.94118	0.78182
0.91223	0.91000	0.91667
0.83851	0.90123	0.66000
0.87190	0.89583	0.76190
0.85632	0.85000	0.87654
0.89969	0.90312	0.94444
0.82586	0.86111	0.81818
0.84259	0.91830	0.66667
0.90385	0.92273	0.83333
0.94004	0.96471	0.78571
0.82716	0.86717	0.58333
0.91693	0.95714	0.76389
0.82187	0.86505	0.70000
0.90982	0.91563	0.83673
0.81739	0.84706	0.60000
0.90373	0.96111	0.50000
0.90524	0.93301	0.86667
0.90930	0.90850	1.00000
0.90316	0.94444	0.85000
0.94357	0.94286	1.00000
0.86813	0.88571	0.80000
0.93645	0.97354	0.64000
0.86335	0.89474	0.75000
0.91910	0.93651	0.88000
0.89773	0.92208	0.72727
0.88158	0.92810	0.80000
0.89394	0.89916	0.83333
0.82441	0.90441	0.56667
0.89067	0.91304	0.83333
0.89694	0.94398	0.69444
0.90590	0.94398	0.75000
0.87500	0.90175	0.80000
0.91388	0.92500	0.86111
0.92800	0.97222	0.77273
0.89163	0.91005	0.87037
0.78416	0.84211	0.65278
0.91556	0.93281	0.85714
0.92971	0.95752	0.89583
0.91047	0.95202	0.77273
0.87143	0.90476	0.79221
0.91963	0.92708	0.85185
0.91014	0.92500	0.72222
0.89694	0.91111	0.87500
0.88715	0.95046	0.48571
0.88548	0.90435	0.87500
0.86212	0.86898	0.87879
0.86782	0.87609	0.84127
0.88228	0.87908	0.88889
0.88265	0.88485	0.83333
0.91558	0.95238	0.66667
0.92000	0.93734	0.80556
0.89916	0.92500	0.85714
0.88084	0.86981	0.90625
0.89394	0.91136	0.84848
0.85746	0.89394	0.73333
0.90313	0.96273	0.72917
0.90800	0.91729	0.90741
0.86351	0.92014	0.75641
0.84911	0.84656	0.85000
0.88889	0.90000	0.88889
0.88636	0.91071	0.74074
0.88384	0.93122	0.45833
0.87762	0.89583	0.95000
0.90646	0.92500	1.00000
0.87302	0.91964	0.64286
0.87729	0.96053	0.79365
0.86429	0.90625	0.78125
0.87500	0.89258	0.80000
0.91071	0.92857	0.88095
0.86532	0.88089	0.87500
0.94872	0.94412	0.94444
0.84769	0.90303	0.75000
0.86933	0.88235	0.87500
0.91360	0.92500	0.91429
0.91964	0.94444	0.80952
0.79677	0.87143	0.59091
0.85784	0.89130	0.81818
0.87798	0.90703	0.77500
0.89615	0.90023	0.91111
0.89067	0.91429	0.75000
0.81859	0.87427	0.64000
0.82943	0.88820	0.59259
0.94048	0.96667	0.81250
0.88776	0.90588	0.78846
0.83214	0.87415	0.75000
0.95238	0.95833	0.94286
0.83570	0.90865	0.65385
0.91256	0.93281	0.72222
0.86957	0.90107	0.66667
0.88730	0.91515	0.75000
0.92229	0.94412	0.87273
0.90169	0.91515	0.85185
0.87727	0.91667	0.71111
0.75515	0.81053	0.56250
0.88571	0.91576	0.69444
0.88587	0.92328	0.70909
0.83304	0.85042	0.70833
0.87340	0.89619	0.82540
0.88070	0.88889	0.85417
0.90584	0.92570	0.80000
0.86095	0.87500	0.85000
0.84615	0.88235	0.74026
0.86343	0.89167	0.79592
0.82477	0.84571	0.62500
0.89632	0.96429	0.69444
0.90210	0.92398	0.79167
0.86895	0.92690	0.62500
0.87929	0.90789	0.76786
0.90400	0.95062	0.76190
0.87810	0.87500	0.95556
0.89161	0.94518	0.59524
0.87679	0.88000	0.92500
0.88084	0.90341	0.71429
0.91186	0.94737	0.80000
0.85847	0.89367	0.70000
0.91667	0.94709	0.77778
0.86728	0.90667	0.88889
0.88000	0.94444	0.69388
0.91872	0.97187	0.74242
0.83532	0.83471	0.90476
0.91944	0.94398	0.87179
0.87188	0.87187	0.91667
0.89904	0.90476	0.92000
0.88857	0.92157	0.79221
0.77241	0.80588	0.74074
0.85778	0.88571	0.72917
0.91833	0.97368	0.73333
0.83832	0.87059	0.76389
0.90439	0.92398	0.80000
0.92609	0.94373	0.92857
0.92308	0.94097	0.85000
0.87296	0.93818	0.81250
0.91429	0.92424	0.90000
0.90838	0.92917	0.83673
0.94928	0.98291	0.78333
0.91414	0.94958	0.73333
0.90716	0.93301	0.79592
0.88941	0.91346	0.80556
0.95370	0.97381	0.83333
0.86458	0.88542	0.79167
0.86473	0.89687	0.75510
0.90082	0.94737	0.70455
0.86657	0.91036	0.78000
0.81481	0.82843	0.66667
0.98269	0.98913	0.91667
0.84375	0.83750	0.86667
0.89489	0.88770	0.94000
0.86667	0.88529	0.80000
0.85770	0.88070	0.75000
0.91987	0.94688	0.82500
0.93019	0.93629	0.85185
0.82258	0.85000	0.65909
0.88834	0.91558	0.87500
0.84325	0.82353	0.86111
0.92191	0.97059	0.68254
0.85355	0.89048	0.63333
0.89062	0.88688	0.90741
0.93806	0.96667	0.74286
0.94667	0.98580	0.86111
0.79667	0.86842	0.59091
0.91076	0.96000	0.65625
0.88910	0.94074	0.72500
0.90556	0.93750	0.75000
0.92414	0.91383	1.00000
0.88125	0.87772	0.87654
0.89028	0.91967	0.85455
0.89000	0.91848	0.91111
0.85110	0.88012	0.77500
0.89608	0.91000	0.85000
0.91865	0.93333	0.92857
0.85279	0.89474	0.80000
0.89496	0.91529	0.86111
0.88793	0.87143	1.00000
0.89035	0.94762	0.64444
0.93400	0.95798	0.85417
0.87238	0.87171	0.90000
0.89413	0.90909	0.88333
0.85839	0.88581	0.75556
0.77350	0.82222	0.72222
0.93200	0.95833	0.66667
0.88834	0.90588	0.91667
0.88306	0.92381	0.74444
0.85069	0.88421	0.75556
0.86857	0.86580	0.90476
0.82933	0.87879	0.72727
0.83571	0.89796	0.76190
0.88088	0.90374	0.75000
0.88354	0.89783	0.86364
0.77694	0.80114	0.77500
0.82424	0.83918	0.66667
0.91396	0.90461	0.94444
0.85582	0.92647	0.70000
0.84018	0.87198	0.75000
0.84011	0.87762	0.78889
0.90385	0.89803	0.92857
0.91973	0.94359	0.81481
0.83542	0.86029	0.78571
0.92063	0.97667	0.66667
0.91761	0.92857	0.90909
0.92696	0.92982	1.00000
0.90238	0.92857	0.80000
0.88258	0.92308	0.63333
0.90080	0.91690	0.77778
0.91071	0.97917	0.70833
0.87097	0.89619	0.89286
0.92130	0.92381	0.91667
0.89419	0.92513	0.80556
0.91538	0.93333	0.85714
0.86769	0.91641	0.72222
0.96296	0.99722	0.84615
0.89753	0.93135	0.75000
0.93273	0.97692	0.82222
0.82579	0.88519	0.75000
0.86322	0.86404	0.85000
0.88187	0.91190	0.73810
0.89498	0.93316	0.77143
0.92000	0.94444	0.84286
0.90625	0.92647	0.87500
0.90143	0.91667	0.85714
0.89333	0.91944	0.82222
0.87500	0.88927	0.83333
0.89163	0.92045	0.81818
0.91082	0.94167	0.71429
0.89538	0.89027	1.00000
0.93827	0.97059	0.81818
0.86667	0.87990	0.80556
0.89941	0.90909	0.91667
0.87308	0.91667	0.64815
0.89606	0.93927	0.75000
0.88667	0.93125	0.65000
0.91493	0.92157	0.90476
0.84000	0.86378	0.70000
0.90132	0.94737	0.88462
0.88286	0.90238	0.87500
0.90488	0.91502	0.88095
0.98029	0.98496	0.91667
0.93924	0.94408	1.00000
0.91220	0.93498	0.81818
0.83507	0.91453	0.69697
0.92007	0.90625	1.00000
0.81061	0.80420	0.77778
0.90806	0.93667	0.96364
0.84603	0.85625	0.90000
0.93600	0.98190	0.71875
0.90000	0.91304	0.90000
0.90660	0.90936	0.88889
0.85317	0.89167	0.68889
0.89410	0.92812	0.84375
0.88645	0.90657	0.88889
0.94617	0.93426	1.00000
0.89455	0.94444	0.77500
0.88043	0.93684	0.73611
0.95130	0.99071	0.75000
0.86508	0.89130	0.74286
0.92473	0.93409	0.88889
0.94384	0.98000	0.74074
0.93706	0.96382	0.86667
0.88095	0.95556	0.74074
0.94762	0.95789	0.91111
0.86401	0.89087	0.70000
0.84058	0.92398	0.64286
0.92702	0.94444	0.84000
0.88636	0.91296	0.80000
0.87649	0.94481	0.64286
0.84982	0.91877	0.40000
0.72667	0.74923	0.64286
0.84545	0.94000	0.48571
0.92898	0.95098	0.72500
0.94925	0.97083	0.87500
0.89902	0.90606	0.88889
0.85957	0.89796	0.85000
0.83724	0.89140	0.58333
0.96667	0.97500	0.89286
0.92320	0.94444	0.86667
0.90230	0.92500	0.73333
0.87458	0.86601	1.00000
0.91846	0.95439	0.81818
0.86207	0.86364	0.81250
0.88190	0.85662	1.00000
0.89435	0.87701	0.97619
0.91523	0.91884	0.92593
0.92188	0.94709	0.85714
0.94231	0.94444	0.93750
0.87747	0.91346	0.76667
0.85103	0.88542	0.88889
0.88121	0.90909	0.76364
0.88558	0.91967	0.90000
0.92256	0.93609	0.85714
0.89636	0.95556	0.57500
0.86391	0.90160	0.76190
0.79231	0.81961	0.71591
0.92915	0.97569	0.60000
0.85591	0.89869	0.73333
0.92632	0.94815	0.89583
0.87179	0.88796	0.80000
0.82982	0.91093	0.54545
0.85714	0.86667	0.83333
0.89538	0.90882	0.82222
0.87130	0.94139	0.52500
0.90646	0.95238	0.71429
0.87458	0.92532	0.61111
0.89881	0.92690	0.84000
0.86333	0.91667	0.68519
0.88000	0.91980	0.69444
0.84763	0.86842	0.85714
0.92593	0.96825	0.77778
0.96853	0.97531	0.96875
0.90143	0.89140	0.88889
0.86625	0.89318	0.76000
0.90081	0.97436	0.68182
0.84950	0.88333	0.80000
0.88462	0.89474	0.84416
0.91092	0.88859	1.00000
0.86491	0.83754	1.00000
0.88745	0.89674	0.92000
0.88021	0.90873	0.85000
0.83626	0.88971	0.72727
0.92976	0.94928	0.88889
0.85043	0.88462	0.77500
0.87351	0.91331	0.78182
0.91026	0.91563	0.86667
0.89390	0.92708	0.73333
0.94667	0.94118	0.92500
0.86640	0.90741	0.76667
0.90571	0.95833	0.80000
0.90484	0.90972	0.90385
0.90030	0.91369	0.91071
0.88714	0.92105	0.75000
0.92222	0.96172	0.76562
0.92165	0.96491	0.74603
0.93773	0.96324	0.77778
0.88522	0.90305	0.79167
0.81593	0.85714	0.68889
0.96457	0.97507	0.90625
0.92000	0.95556	0.80000
0.92540	0.95322	0.78788
0.92747	0.95238	0.89583
0.86201	0.93426	0.67273
0.88235	0.89841	0.87500
0.87007	0.88070	0.88462
0.87778	0.88377	0.91667
0.90374	0.92281	0.84286
0.91692	0.95046	0.82143
0.90884	0.91388	0.88889
0.79538	0.83333	0.65714
0.89000	0.90000	0.88889
0.92816	0.95029	0.87273
0.89676	0.95714	0.70909
0.94328	0.95238	0.90476
0.88826	0.92549	0.75556
