	central_cov_MAD_uncorrected	central_cov_MAD_GC_corrected	mean_cov_MAD_uncorrected	mean_cov_MAD_GC_corrected	amplitude_MAD_uncorrected	amplitude_MAD_GC_corrected
AHR.hg38	0.025017814494321257	0.012117610600324503	0.005052530475113474	0.0027614272153662503	0.10785255810248437	0.11033739856698124
AR.hg38	0.014102327203893998	0.013240192320173073	0.003280823213202893	0.002389967779471312	0.11301679257324819	0.11602322579726555
ARID3A.hg38	0.016917697133585728	0.013462957815035146	0.0034717515970959342	0.0029377301801137234	0.10652391022303656	0.10982532352506508
ARNT.hg38	0.02268862704164414	0.012603088372093028	0.007809144549879542	0.002985175613353645	0.10060665268452194	0.10601576926972343
ARNTL.hg38	0.05163704272579773	0.013302291508923734	0.006968824117868835	0.0027676552763984015	0.11870700641756032	0.12383427920042496
ASCL1.hg38	0.03784915175770687	0.012041002920497569	0.008749432305750867	0.0027523302489470165	0.14397450125619693	0.14634571425215015
ASCL2.hg38	0.02016529021092482	0.012374662736614393	0.005181876050936658	0.0030208149499319813	0.11183400996547663	0.11795399609214625
ATF1.hg38	0.027959367658193613	0.017010514007571656	0.010253876644213906	0.004975976580297302	0.2002805384509084	0.21231491386808926
ATF2.hg38	0.013256982368848048	0.01299430946457544	0.0021526590425619005	0.001914946172378167	0.17673676533094146	0.18036776889318204
ATF3.hg38	0.025856836884802586	0.014677280043266636	0.006429317439402148	0.0034254684661651773	0.17000206028636267	0.1768112481543054
ATF4.hg38	0.012131177393185503	0.012556445646295291	0.002611497402363255	0.002006966871527593	0.16214897216521298	0.16502195525156205
ATF7.hg38	0.013069548512709575	0.013513362141698218	0.0018820392546339947	0.001917805014995818	0.16057953601298738	0.16145324365441438
BACH2.hg38	0.018955280259599784	0.012474563331530556	0.0040123754691315325	0.0028834057492173886	0.1468816534063773	0.15311629953897227
BATF.hg38	0.01861571498107086	0.012586802379664683	0.002733154688037762	0.0023197076060770235	0.1356153555993588	0.14182460291502377
BATF3.hg38	0.01819959729583559	0.01452462942130882	0.0024970801186554397	0.002461234750971037	0.13313075208125946	0.1369894305562072
BCL11A.hg38	0.025157498215251487	0.010925485667928612	0.005203099700083549	0.002908759542422572	0.13240276835595655	0.12826888344608403
BCL11B.hg38	0.038792747431043814	0.0168151184424013	0.021381339439828246	0.0070938678892767835	0.11578452844905972	0.1182446441168904
BCL6.hg38	0.020059766684694433	0.01431919578150352	0.007240886025206094	0.004228874916826437	0.21739873377642926	0.2245484141686
BHLHE40.hg38	0.033199717685235254	0.015213827257977281	0.014350249143681252	0.004987233515249838	0.1316870280705257	0.14860320551419975
BPTF.hg38	0.016413927636560296	0.009603198377501352	0.002116207869937887	0.001970270580330067	0.10851799431593659	0.11952566417778658
CDX2.hg38	0.01705938020551647	0.015589152514872908	0.003107687588704792	0.0028856792533228878	0.09736805671966747	0.09944247942835292
CEBPA.hg38	0.024345950351541374	0.019723801622498652	0.00546687634593637	0.0049927201861776375	0.4319694535830503	0.43552599300235256
CEBPB.hg38	0.016618345051379126	0.01368310189291509	0.0032508109215464626	0.003028240162577631	0.32275240012434775	0.3249407961022051
CEBPD.hg38	0.021328933910221736	0.013666078528934564	0.004957354376649119	0.0030010733139944653	0.16505340380659825	0.16902835451847098
CEBPG.hg38	0.012130176744186058	0.012392183883180101	0.002597234662471139	0.002710590723896643	0.25118823175386096	0.2628159252017797
CLOCK.hg38	0.05593806327744728	0.025745837966468378	0.015091032331973054	0.004285819620761441	0.10294631055976411	0.11071310917297636
CREB1.hg38	0.02926575932936723	0.019867741806381824	0.017424265798056282	0.006942508589409503	0.21101802633618508	0.23217837280167822
CREM.hg38	0.02616077014602487	0.016003622282314778	0.013337356399036318	0.005607861645115291	0.1780994093393948	0.1867846265851538
CTCF.hg38	0.028622643591130335	0.026174475824770147	0.009452514754904374	0.008068275375714973	0.6236744525598827	0.6433055863033812
CTCFL.hg38	0.03544217176852353	0.021127684478096258	0.01560010625235588	0.00620991174918465	0.40509037077752413	0.3976995888698291
CXXC1.hg38	0.05653086738777718	0.020628260356949698	0.030282482626153368	0.009808985191012344	0.1320154403671194	0.16512151181972906
DDIT3.hg38	0.015424540832882621	0.013094060356949704	0.002222156716980526	0.002253807329105012	0.14203269590322332	0.15165240250502926
DUX4.hg38	0.015912434396971327	0.013135078745267724	0.00223733502794308	0.0019487614566432365	0.11699867323362663	0.11723250437802557
E2F1.hg38	0.03960991141157382	0.021862412006489994	0.027520004002163315	0.008614792343117496	0.16774966132578029	0.17331600305629696
E2F4.hg38	0.0374655700378583	0.018958841860465116	0.020537291279479508	0.00717687200616224	0.1546239973162061	0.1614345245399856
E2F6.hg38	0.042599719740400215	0.0177026672796106	0.021720336066997702	0.006414793814838483	0.15775886341775897	0.16715063739857952
E2F7.hg38	0.021781409518658732	0.013705115954570033	0.0053045286592261	0.0031233877345657793	0.13178259394903738	0.1399062597044039
E2F8.hg38	0.01888018972417524	0.012259478204434836	0.007362246891849819	0.0035259276758936	0.12391266166756186	0.13265565663120407
EBF1.hg38	0.028779361709031906	0.012488121579232014	0.006794880423488554	0.0027815194486782327	0.12709125406551447	0.12898124038192088
EBF3.hg38	0.01551409507842078	0.012832485343428873	0.00299559761377977	0.00285821781798515	0.08679506641381804	0.09204205251686771
EGR1.hg38	0.037657821092482426	0.016242494862087606	0.017684751521707023	0.005147410052936063	0.09324024822846375	0.10910853721356419
EGR2.hg38	0.04530948729042726	0.02426352915089238	0.008456206830883184	0.00239468441581859	0.1389878145417751	0.1424155772623862
EGR3.hg38	0.04309307528393726	0.016803204975662515	0.009652359775144607	0.0020395316125014096	0.16162036161300977	0.156967451034947
EHF.hg38	0.02060695294753921	0.011840214169821523	0.005990501106249057	0.00325210490519034	0.22247888196036014	0.22604017209457553
ELF1.hg38	0.031435249215792334	0.016169656030286635	0.019068722749397714	0.007218043374797197	0.25814978137096495	0.2797728306771311
ELF3.hg38	0.015882627257977282	0.010504057869118438	0.004081625402756581	0.0028975169542914407	0.2465476244905414	0.24538766453112063
ELK3.hg38	0.040552993510005415	0.011974490535424556	0.01219056398708556	0.0033634247799793344	0.13377285202227035	0.1374138806020149
EOMES.hg38	0.029532880692266103	0.012534765278528932	0.004170326574561156	0.0024957215562875505	0.1016431174231876	0.10620550592784866
EPAS1.hg38	0.028585100703082744	0.01230793358572201	0.005619674664437782	0.002419079092711849	0.12496365324892068	0.12760295701766677
ERF.hg38	0.012055552190373178	0.011863957598702004	0.004394878722323306	0.0030656386974122402	0.16504644571322288	0.16450209083558767
ERG.hg38	0.034837599351000545	0.01853364943212546	0.01728872232328693	0.00623298747234377	0.21404616954893046	0.21618883420517673
ESR1.hg38	0.027406021416982156	0.01271207441860465	0.005585303010636399	0.002614094314699234	0.10102503580323248	0.10835954914602099
ESR2.hg38	0.03762160757166036	0.012643707409410506	0.0076337747349099205	0.0026197083632430174	0.14544040626963908	0.1341388854838868
ESRRA.hg38	0.021123151541373713	0.0128114764737696	0.004643292157923173	0.0027558917416457673	0.10736974794883344	0.111312172214784
ETS1.hg38	0.03511767906976744	0.015197217090319088	0.01401113867610668	0.005393345349656635	0.18836850459448432	0.1941369192984683
ETV1.hg38	0.022423160086533264	0.013152119632233637	0.011847790812396541	0.004685524578396202	0.16289329052370377	0.17729269147286394
ETV2.hg38	0.035164969605192	0.011716820659816121	0.0075358288083649016	0.0022551388432731803	0.11972961382870054	0.11876626565461114
ETV4.hg38	0.026818327420227148	0.010942920605732832	0.009649143373158286	0.003965965029418042	0.12744063991796303	0.1365619795671998
ETV5.hg38	0.030227576636019462	0.01349210697674419	0.014395417903207301	0.00510279644689183	0.13507203438020607	0.15541753403753383
ETV6.hg38	0.023110843915630064	0.014262283937263386	0.005055489135814624	0.003647088467148514	0.2183113392199426	0.21719214251484562
FEZF1.hg38	0.019376388967009207	0.012066573174689012	0.003525014871265374	0.003113231623973663	0.11190455554681	0.11149276241223875
FLI1.hg38	0.025158758464034606	0.013470439697133595	0.008438126889227595	0.004150495216087318	0.252834413451198	0.25147149693871307
FOS.hg38	0.020935606489994606	0.014485483071930769	0.003618395742170205	0.002600044780962653	0.255842571338951	0.2636056346023535
FOSB.hg38	0.03095927268793943	0.015217705354245548	0.004400355982758911	0.0024420666470000045	0.24192149106303804	0.2405058053771917
FOSL1.hg38	0.02225027809626825	0.013306519956733369	0.003156912866905918	0.0024592851992067503	0.2224786356312648	0.22356291651852386
FOSL2.hg38	0.02039245830178476	0.01430379015684153	0.003413229195142336	0.002665796617336153	0.21598298245432643	0.2143795375212085
FOXA1.hg38	0.015581650513791238	0.014307020876149282	0.002556352364095247	0.0025231039579133607	0.12637409682812778	0.13769565500932526
FOXA2.hg38	0.020055617414818833	0.015072307409410495	0.0036202250487568865	0.0029231241129521247	0.14496433649264742	0.14656536533004622
FOXA3.hg38	0.021231370146024862	0.014797332612222824	0.0035253190586230225	0.002804539043217432	0.14348314252209984	0.13847413885632084
FOXH1.hg38	0.03614261654948621	0.01161572201189832	0.005084289175147923	0.0023279834046249486	0.12072537530429808	0.12036433985160915
FOXK1.hg38	0.054144500162249865	0.04174569713358574	0.01147423487880423	0.008797443253519516	0.10033546190923176	0.10318583072937262
FOXK2.hg38	0.030339397728501877	0.02235710167658193	0.008253278555156769	0.0044160668993887	0.1144219479068095	0.12080836080655809
FOXM1.hg38	0.0184780654407788	0.014089394159004863	0.006489985243456747	0.004104836684858323	0.1830996266492326	0.18472636550995486
FOXO1.hg38	0.026079629529475387	0.011903886965927526	0.006635042774964369	0.0029302476359047043	0.13629032702026303	0.14062675367033736
FOXO3.hg38	0.03021382044348297	0.015091465440778795	0.010543543674713617	0.004573400095055468	0.16818900195261383	0.17388500430347667
FOXP1.hg38	0.02224792817739318	0.01396762466197945	0.009244197256502293	0.004553383912680071	0.18257091307854006	0.19258815225288137
GABPA.hg38	0.030946825959978365	0.0150053963223364	0.0172991466706	0.006384305727911928	0.26553221989959946	0.2710876140960323
GATA1.hg38	0.024774047809626828	0.018578188534342895	0.0041857685399151485	0.0036237832407362007	0.3129564370625852	0.3175411341753763
GATA2.hg38	0.016902948188209848	0.013599067928610062	0.002675608800825965	0.002555388295065334	0.10408705355305913	0.11096534551335349
GATA3.hg38	0.018698898107084905	0.013044635478637118	0.002747858763951012	0.0024430263434780716	0.11830120203064776	0.11659362682208696
GATA4.hg38	0.02488122606814494	0.014607533802055164	0.0033746379533572844	0.0026013069898552735	0.12154824156748577	0.12936478061136825
GATA6.hg38	0.023381362249864777	0.013224477230935634	0.0036045300522805196	0.002326803153219605	0.10913301359340939	0.11515184053650612
GFI1.hg38	0.04353935770686858	0.01042120995132504	0.007088321081010206	0.0030259378730517644	0.1160572164425191	0.12406352434558589
GLIS1.hg38	0.03669579048134126	0.013061301460248783	0.008883676719602718	0.0032629939393939615	0.12356203497487035	0.1270610704326233
GLIS3.hg38	0.04791167387777178	0.013995595457003778	0.011278564275529791	0.0025661873674549737	0.13768997976611386	0.1496649761861499
GRHL2.hg38	0.02244135478637101	0.011569656462952944	0.004840759722700192	0.002570444059852197	0.1341045726670636	0.1368235593896884
HAND2.hg38	0.02692721817198485	0.013607575554353706	0.0037840241145910168	0.0026251014799154636	0.09045009218129817	0.08829847410384269
HES1.hg38	0.02455068642509464	0.02258937609518664	0.005712913728960781	0.00314249540619826	0.1056577508179108	0.11162930135045515
HES2.hg38	0.017588777934018387	0.01510203526230395	0.0030994579051739626	0.002967117052624682	0.16504585357908608	0.17219609416191328
HEY1.hg38	0.039893261763115195	0.019170596971335857	0.024166865873445114	0.00874524708523852	0.24945039862999704	0.23001540881144086
HIC1.hg38	0.03577928415359653	0.012360795673336929	0.009757726876116491	0.0034424280741432475	0.13418596787339232	0.13717882368724482
HIF1A.hg38	0.029972052568956187	0.016273196646836127	0.00997202709408856	0.0037157562810364365	0.14085072827266196	0.14918443193897418
HIF3A.hg38	0.037084588209843165	0.012501855489453755	0.008763281560876454	0.002866046537850092	0.13371839773083494	0.14139174224650622
HLF.hg38	0.019413352731206052	0.014234977825851817	0.0030859751315207057	0.0026181157218480152	0.16590034391407274	0.17036821591665202
HMBOX1.hg38	0.029269169821525144	0.015234192536506222	0.0033574659390006294	0.002917650471180144	0.15621596526257686	0.16127640625917114
HMG20A.hg38	0.023286227690643594	0.014632955543537041	0.0031894047560515875	0.0025344921710343062	0.13575780529026363	0.14088291502646835
HMGA1.hg38	0.026220376960519206	0.02772589972958355	0.006190556074536583	0.003835275687103613	0.1330032662202353	0.15159190661169827
HNF1A.hg38	0.014665943861546791	0.011595500919415903	0.003105532448334086	0.002867120107510974	0.10290641238206706	0.1157856133551491
HNF1B.hg38	0.013258182909680921	0.010188040670632783	0.0028484025468312026	0.0026760149302653166	0.12462593084461322	0.12555597106476638
HNF4A.hg38	0.02954680097349919	0.013700706868577606	0.006072723077175205	0.0032924740482160693	0.1347386185869541	0.13926973817076274
HNF4G.hg38	0.01971291043807464	0.01420643266630612	0.002843149892652868	0.0027423694085254276	0.10161600803063556	0.11387406640431823
HOMEZ.hg38	0.032330375013520825	0.016096232017306644	0.005266656184342038	0.0030906071258829672	0.14370719040240304	0.14747595587777368
HOXA9.hg38	0.024386862628447827	0.014185702001081667	0.008386307596243647	0.002810542488159021	0.13274705199545456	0.14755802754226252
HOXB13.hg38	0.025841135208220668	0.010567931422390492	0.00503128172804301	0.002190767884360091	0.1203003200040611	0.12678686511291284
HOXC5.hg38	0.02894783666846945	0.01458766901027583	0.0033628304406968204	0.0025393787469065667	0.17524910538847058	0.17935944221751393
HOXC9.hg38	0.015532578799351002	0.012801939102217422	0.0035291513020961262	0.0030960753789927233	0.13284924404379553	0.1399958068368539
HSF1.hg38	0.026349195889670093	0.01158575630070308	0.00855591455823783	0.003333529098447973	0.11680706549208303	0.11650173066679452
IKZF1.hg38	0.029028193401838837	0.011941497890751749	0.009364067987609971	0.003862904502024026	0.13387522464519283	0.13615196103126895
IKZF2.hg38	0.02361054743104381	0.013653637858301792	0.004343525047117987	0.002742479725322487	0.1305501452914629	0.13832427099418118
IKZF5.hg38	0.03488313034072471	0.016954895078420764	0.010171786977399734	0.00451617022469149	0.16615214443435425	0.17478419324098174
IRF1.hg38	0.01955190686857762	0.01858804186046511	0.007185813789599644	0.005344415317042798	0.2986317189447583	0.29940137064928835
IRF2.hg38	0.026645071930773388	0.016585916062736624	0.0097507844076241	0.004841368703803854	0.20415545561985557	0.2081111135154394
IRF4.hg38	0.022457768848025958	0.013631163764196864	0.004525972443745197	0.0030433644099185126	0.21037118708894065	0.20579816107580554
ISL1.hg38	0.014513626825310976	0.012108571119524078	0.0037989760132421868	0.0029716636543914376	0.11821144054228797	0.12326438094655044
JUN.hg38	0.026674013953488375	0.014261175446187126	0.00808158002851665	0.0037884332235278697	0.16820091265442988	0.1750340308232919
JUNB.hg38	0.01887683839913466	0.014686700378583021	0.002955537479718781	0.0026930231443696028	0.16484086182954447	0.1705559696506401
JUND.hg38	0.023048955651703625	0.014106490210924826	0.00417798363406919	0.002929629155809003	0.20298174770892022	0.21123780883693383
KDM2B.hg38	0.07471784845862628	0.017925312817739306	0.03259058558106756	0.00787516478358491	0.16430263050423535	0.18022296122413684
KLF1.hg38	0.03960431357490536	0.013766927528393733	0.015948449579625344	0.003974822613370004	0.14101844709572828	0.14488199983713962
KLF10.hg38	0.029176903299080584	0.015277632882639268	0.015851442722519954	0.005630287965648928	0.15043233015895827	0.15337409543923677
KLF11.hg38	0.03251359329367227	0.015411713142239054	0.015098592048117697	0.005358721798842934	0.12700952770968035	0.1308298139789304
KLF15.hg38	0.0438478414277988	0.019288289778258517	0.021739934133110445	0.005563894783420991	0.15185106711306195	0.1787010303792648
KLF16.hg38	0.025570576527852894	0.01970406208761493	0.009263350771096567	0.005340179622072518	0.29613165817519965	0.2970198370243285
KLF4.hg38	0.03849573618171986	0.011456706327744726	0.011881147549043732	0.0034395705426356676	0.12082274991704639	0.11219195378259
KLF5.hg38	0.03136532936722553	0.014282561384532178	0.016314395447170463	0.005461114653293344	0.14724896087523437	0.1354567704438358
KLF6.hg38	0.024717253650621954	0.012643685776095195	0.013316729042725819	0.005244339544717061	0.14437763418996832	0.1463797579855593
KLF9.hg38	0.03633656917252569	0.01664814981070849	0.02089463897930086	0.006728463238113946	0.15149884523906493	0.17714788984979152
KMT2A.hg38	0.06244196884802597	0.020343064359113015	0.03049191037251913	0.008664253437566577	0.12359016291631324	0.1463244642211388
LEF1.hg38	0.024442838939967546	0.014828070524607894	0.011954347978432223	0.004285082068931592	0.12232928146294408	0.1341383046952957
LYL1.hg38	0.026698498215251488	0.013773240886965929	0.006578810774046594	0.003962763610141448	0.20344867727118407	0.19719573044808597
MAF.hg38	0.029270154029204975	0.021322034180638185	0.007337458796728807	0.0038514821770981814	0.13035708131891036	0.1343347287315948
MAFF.hg38	0.017253169497025433	0.01737785743645213	0.0025405411934379023	0.002119021534982031	0.2784934418455922	0.28810125037796674
MAFG.hg38	0.01693126122228231	0.017095698107084896	0.002454677204713461	0.0024246115443237216	0.29633670344758123	0.3083854205698955
MAFK.hg38	0.015750584964845875	0.017122884478096265	0.00232688665126109	0.002410661841781832	0.28550810230756857	0.29737435679909907
MAX.hg38	0.036469553272038935	0.020022638831800974	0.021379939079273	0.007898178930461975	0.15919792688552084	0.17322155833372815
MAZ.hg38	0.04724876949702541	0.018998432666306103	0.02079469000442502	0.006043601943720568	0.12938338898464852	0.1519093697198538
MBD2.hg38	0.0411048811249324	0.01588439718766902	0.01784403529508168	0.003525381549404257	0.1236367734836915	0.14047065376356274
MECOM.hg38	0.02768804845862629	0.01608480670632775	0.008657647337627201	0.005134732700722727	0.22211624173040814	0.21789713506061292
MECP2.hg38	0.042713284586262855	0.013246293672255277	0.011611644640018345	0.002642267689332484	0.1379270971744474	0.15331995097295453
MEF2A.hg38	0.012561855705786915	0.010829494970254204	0.0026574627136699623	0.002452428070865477	0.12751651324756866	0.13337233225889097
MEF2B.hg38	0.013195769388858847	0.011652870200108176	0.0030592727338282677	0.003057682039431616	0.1254553099348055	0.1342410245280477
MEF2C.hg38	0.01003081189832342	0.009001263818280142	0.002206167130471831	0.002145149673041954	0.1081440736051418	0.10731314575935484
MEIS1.hg38	0.017530117144402384	0.01224640097349918	0.0039437021158037966	0.0027617035055804194	0.12537198492318868	0.1314164778092234
MEIS2.hg38	0.02087653531638724	0.014359096376419687	0.0034760830260419347	0.0023909588737564824	0.14424708448583382	0.14749670675962617
MITF.hg38	0.038291500270416445	0.012368449540292047	0.00903975238048415	0.0033379853876788447	0.13018353679947903	0.12429162461867249
MIXL1.hg38	0.023482049432125465	0.01714131097890752	0.0051804456495730565	0.004030881495321	0.2366292991782776	0.2536985102956031
MNT.hg38	0.03382585397512169	0.017975996430502978	0.01255154187521513	0.00461923050625235	0.10559131582428954	0.10526067984732368
MSC.hg38	0.016285648242293123	0.010033077122769062	0.005930488611370601	0.004417102145303772	0.18334360164509145	0.17979826615284777
MXI1.hg38	0.03702748415359654	0.017408495186587346	0.020260277165380147	0.006640906570300066	0.12872795170596388	0.15295688265428026
MYB.hg38	0.022213692374256352	0.012667206489994594	0.007335127128505151	0.0036599499352639453	0.15754013784033452	0.15138034001593495
MYBL2.hg38	0.025617505895078413	0.014796784748512714	0.006309294147532635	0.0038396116951013703	0.1427199948089011	0.15690911322190954
MYC.hg38	0.039713411465657114	0.019055227474310443	0.023565916580625047	0.007880632371306337	0.14694232231455584	0.1517780018727522
MYCN.hg38	0.040412585073012444	0.018086434829637642	0.019899231771473524	0.0065887723978563595	0.16219935234027885	0.1620015041992012
MYF5.hg38	0.04930845484045429	0.013363765278528937	0.007916063998557765	0.0033027698018584994	0.10616042230441439	0.10438063071444738
MYNN.hg38	0.02609460021633315	0.015507820551649537	0.00677125273940047	0.0031072598325057104	0.163702588102085	0.15826265546859455
MYOD1.hg38	0.048013402379664685	0.012426174256354793	0.011838793418227696	0.0033404489961813724	0.13064846091743249	0.13331690557036413
MYOG.hg38	0.03978545375878853	0.0121873520822066	0.0054289600898110284	0.0027398745103823755	0.09580463098749493	0.10136227459007731
NANOG.hg38	0.02469193131422391	0.01362096430502973	0.003142600308110855	0.0028338512742350414	0.10888826438848981	0.10665193601584612
NEUROD1.hg38	0.019224389291508923	0.012381710978907516	0.0057990151334873915	0.00284502128587114	0.09597070964381933	0.10425402259078623
NEUROG2.hg38	0.042229479502433755	0.011990352298539751	0.004897478853434281	0.002688639415244956	0.12878964371248405	0.129557234912115
NFATC1.hg38	0.0379182603569497	0.016595629962141704	0.018425344936657	0.005999621567759822	0.13169649631094152	0.11377088089074605
NFATC3.hg38	0.04071862920497566	0.009219326338561384	0.00797558748873264	0.002743598020223884	0.1261884930526178	0.11789920068288845
NFE2.hg38	0.025493033207138992	0.019322999999999996	0.0069493100414638465	0.004458692629922811	0.25955641577853056	0.2688365322553793
NFE2L2.hg38	0.016641119632233647	0.01457008101676581	0.0032202351967484566	0.002778446078961584	0.23422200282275912	0.23984892318182519
NFIA.hg38	0.027730087614926967	0.01285961038399134	0.006034544392546339	0.0032021101889637108	0.1584201098611979	0.15872518969563792
NFIB.hg38	0.024319307409410497	0.009272905137912388	0.006123147667043657	0.0023360512054017937	0.13661788474432415	0.1286979323303511
NFIC.hg38	0.028378995348837196	0.01332082704164414	0.005888249422292133	0.00313383473458215	0.1671548861056496	0.16889705329308063
NFIL3.hg38	0.02065661189832342	0.014933694753921046	0.003512916334791958	0.0028575881672320766	0.15411068153648438	0.15731841395161902
NFKB1.hg38	0.02017320919415899	0.011945801514332076	0.004319640444466318	0.0028623971516134787	0.14961123695307704	0.15259728268904665
NFKB2.hg38	0.022147292374256358	0.011402049756625194	0.006492794516282356	0.003093600947276978	0.14647622378229222	0.147258081983453
NFYA.hg38	0.050991133044889135	0.022741889021092483	0.023388211590212555	0.0075642476916268995	0.18068582330599203	0.18996179193665083
NFYC.hg38	0.034827745808545155	0.01601833715521905	0.01716722848058738	0.005528419443761532	0.13864406810631708	0.15447603977713767
NKX2-1.hg38	0.032515529475392095	0.014717919415900484	0.0033199351852762743	0.0023038223118146965	0.1284356063247032	0.13188104466364964
NKX3-1.hg38	0.018734856354786344	0.013257101027582466	0.0036120968254748907	0.002340341049215822	0.10498352280678937	0.11001120780683685
NR1H2.hg38	0.023719359329367227	0.012681501676581929	0.005530711437796027	0.0032022162774308725	0.11982234244263996	0.12642768841655402
NR1H3.hg38	0.020536211573823692	0.012485500162249866	0.0034357731550223748	0.0027172836586524898	0.13775824950561621	0.1367385860989911
NR2C2.hg38	0.05231211292590588	0.023364805300162238	0.010716633430027689	0.004129487650982475	0.09800925510511103	0.09658795252072024
NR2F1.hg38	0.03175110373174689	0.009942444672796102	0.007168086795483231	0.0029449999836110834	0.10510612865251805	0.11434412631254086
NR2F2.hg38	0.025231219253650624	0.011483935532720386	0.005339024550535123	0.0028093294852254147	0.11325836086825032	0.11937786200448874
NR2F6.hg38	0.025302442833964302	0.012098122985397523	0.004623563292197202	0.0027299875608436906	0.1395041166682732	0.14233394302702665
NR3C1.hg38	0.020619983666846958	0.014032167982693345	0.0033516694658865492	0.0025706360194699767	0.13099524368545395	0.13663351001612462
NR4A1.hg38	0.022742104597079503	0.01437223829096809	0.004541830771752156	0.0030996732484389633	0.2553709443203499	0.24516231584332782
NR5A2.hg38	0.026559889129259055	0.010255264575446184	0.006172229604864197	0.002475753488372103	0.09056264760385058	0.09622993017585463
NRF1.hg38	0.037609875608436996	0.016369788426176334	0.021522676034547772	0.006118058252618151	0.15765646782944243	0.16958457483058884
ONECUT2.hg38	0.030198148188209845	0.012892552190373168	0.005605260494616307	0.0019236327220282503	0.12561557381641006	0.14208923056264078
OSR2.hg38	0.02366478756084372	0.011235200648999471	0.004492279168100707	0.0029714264877001503	0.10965540384320466	0.11267540851962682
OTX2.hg38	0.018212278745267724	0.014567495943753372	0.0028167219496205947	0.0024220471409607085	0.11715186307925643	0.11725457174679449
OVOL2.hg38	0.011474521362898869	0.010613308058409945	0.005235386161233768	0.0024105331333890696	0.12868542016785822	0.14000902813149546
PAX3.hg38	0.02463346241211465	0.0176196322336398	0.0027195598341445337	0.0025651714276349507	0.090746836845403	0.09239484626973198
PAX5.hg38	0.030193628123309894	0.011494680908599243	0.008039299959027796	0.003408639802022394	0.12704923620718975	0.13710830559128404
PBX1.hg38	0.026725793726338567	0.009684720605732828	0.006630552141206587	0.0026541238408968456	0.16286132053540836	0.16105355386041187
PBX2.hg38	0.01824695835586803	0.013200780854515957	0.0041244806562105866	0.0026243128439615744	0.13208558303312554	0.13684007575211143
PBX3.hg38	0.023095560411032993	0.014841401946998376	0.004761661913892841	0.0031612039759410944	0.13830384569485	0.14477734434414022
PBX4.hg38	0.026500178799351005	0.018205880043266624	0.002513179143517367	0.002278617831096254	0.11074822495946604	0.1103387663559858
PDX1.hg38	0.023293515413737163	0.012589984424012973	0.0037950004261107367	0.002631411164101809	0.10881924392775105	0.11716314758738705
PGR.hg38	0.023654130881557597	0.015202608220659816	0.004594741966992805	0.0027182286641427808	0.09864695996082427	0.10474538475316653
PHOX2B.hg38	0.035691002920497567	0.03780559275283935	0.005376607843715674	0.0034998699608305667	0.14066175581071336	0.2004108944865203
PITX3.hg38	0.023496659167117354	0.012580589183342348	0.003975881623154204	0.003179196591113907	0.12078502632105732	0.12665469553100198
PKNOX1.hg38	0.02268143764196863	0.012398216333153052	0.006894455987675559	0.003272965960306154	0.12728323879780135	0.13964879835219432
PLAG1.hg38	0.03712781233098972	0.011737790589507835	0.012333060540505085	0.00345818461740169	0.14370013430147463	0.1376310567677202
POU2F1.hg38	0.01360945754461871	0.012863202595997837	0.0030966244030351995	0.002889385141845738	0.12547998075919567	0.13252180640282277
POU2F2.hg38	0.025665027149810702	0.012495864899945912	0.008001706871855373	0.003866095104642944	0.13095022548631377	0.1335025796291109
POU3F2.hg38	0.06387494375338021	0.015989619361817194	0.010457940659160567	0.002919669216775648	0.10632569241662534	0.11049821464290914
POU5F1.hg38	0.01971059578150353	0.010805555543537054	0.004573144343379709	0.002554609846436235	0.09083036279101674	0.09879482118673551
PPARD.hg38	0.06599683720930233	0.023750023580313685	0.009436027172755138	0.0039556366061917906	0.13668937245888665	0.1375789439155863
PPARG.hg38	0.023753310978907524	0.013007052460789615	0.004945629647475307	0.003264002707442186	0.14661575535415536	0.1534430445579911
PRDM1.hg38	0.028165581179015676	0.034901889670091925	0.003803109241686743	0.003099468944720305	0.11443649779540274	0.12271522114418126
PRDM6.hg38	0.02465034580854516	0.014410667279610595	0.005398246452627928	0.00289570298769193	0.12247520097914268	0.1334615767158544
PRDM9.hg38	0.04751935219037317	0.01889037587885344	0.006815421387482171	0.002742308071521037	0.09094092613452305	0.09960565160872753
PROX1.hg38	0.03435459383450514	0.011615093239588979	0.004741870229608127	0.002532502174803767	0.14269275197121767	0.1542999012200217
RARA.hg38	0.03688610329908059	0.014594565711195249	0.014139354773259895	0.00502358192307064	0.1286976599842868	0.12906077736576269
RARG.hg38	0.026342471822606815	0.010991166684694425	0.007067455545175983	0.002649683638985865	0.11188904283427167	0.12413665169846926
RBAK.hg38	0.06450656095186588	0.03223718464034615	0.010388532133667652	0.004120173509022082	0.08145722522640989	0.08933041107186047
RBPJ.hg38	0.036500588642509456	0.01689762671714441	0.01574315480931544	0.005775795663503608	0.14888545147969376	0.15218868469819113
REL.hg38	0.023920302541914545	0.011841664791779343	0.010272787403510498	0.004253032725306079	0.11279216755305421	0.12260222141030146
RELA.hg38	0.024986425419145485	0.01354245008112494	0.010342289280036695	0.004139732179556506	0.15642309067999224	0.17037019842332873
RELB.hg38	0.018415683829096818	0.010249646836127637	0.005650754373371347	0.00274813722733009	0.09537351249419113	0.10058226636926132
REST.hg38	0.03129840724716064	0.01381554386154679	0.010931199210056197	0.0036669430355474623	0.2989155754161336	0.2979639301549734
RFX1.hg38	0.02356195002704164	0.01216373336938885	0.006681746346100249	0.0031656417490207485	0.1737489995628077	0.1623131049770095
RFX5.hg38	0.023134092049756628	0.015128773499188754	0.008500991740006876	0.004297307625743651	0.16761655882354826	0.18181026621126198
RUNX1.hg38	0.029201835370470528	0.016583469226608978	0.01230241235065639	0.005866630807807652	0.23281729581333227	0.23256943628147592
RUNX2.hg38	0.02463081124932395	0.010056289670091952	0.004869944739990504	0.0022844333743055408	0.12334657333161027	0.1270188126846522
RUNX3.hg38	0.019988790156841532	0.011196290859924284	0.00365257795368503	0.002546420925315887	0.1615217310436695	0.15828907451199395
RXRA.hg38	0.02906164575446187	0.014435577068685783	0.010814848370126369	0.004732586738122149	0.1524571862477396	0.16403323228483485
RXRB.hg38	0.024469656787452675	0.014405747971876697	0.0056010182244293025	0.003225880623432834	0.13149289666592412	0.13302430460757514
SCRT1.hg38	0.02190919610600326	0.009766735424553795	0.004270880865988128	0.0019436911450907315	0.13441347895782982	0.13855909293612956
SCRT2.hg38	0.02300189951325042	0.011325956300703087	0.004558435314748355	0.0019413447760459961	0.14425503897766806	0.1486588275629831
SETDB1.hg38	0.03486440519199567	0.012088083937263391	0.010944597276168894	0.0038807657079174855	0.13479137446208816	0.1441590321572549
SIX2.hg38	0.01907233131422391	0.00992762671714441	0.0038100475932937123	0.002205704344690845	0.09728142123762264	0.10596405517123497
SIX5.hg38	0.019513986046511632	0.012271541806381831	0.01005453849582902	0.004340698634806658	0.15997733857469562	0.1699228908532345
SMAD1.hg38	0.02571298723634397	0.013770938345051381	0.0048770152318206765	0.003136399298556184	0.14616996008260158	0.1560055121653213
SMAD3.hg38	0.026303212006489995	0.01399534483504597	0.004076562767753228	0.0025139450612124705	0.17294806238548902	0.17168120884576635
SMAD4.hg38	0.03302516419686317	0.013342341265548941	0.01044560062933281	0.003990128518281818	0.1308447132457962	0.14563104560073847
SMAD5.hg38	0.03496467409410493	0.013375400757166037	0.018531647714571314	0.005800928924725896	0.19645721415304787	0.21246414054301588
SNAI2.hg38	0.03562848729042726	0.009538527852893454	0.010672407302882799	0.0031414467672943765	0.1328110651227475	0.13790862877774657
SOX13.hg38	0.02519439134667387	0.014527107084910748	0.0035417180261238337	0.0027349638953078825	0.13910392282339337	0.13394635166886665
SOX17.hg38	0.025438189291508918	0.011940987777176844	0.004948516774013792	0.0026670942917547524	0.12414579133169817	0.12388023672936968
SOX2.hg38	0.024811612979989187	0.013484938453217972	0.004128200999721379	0.0028499435403248207	0.10574642972500846	0.10902671323019501
SOX4.hg38	0.04080642422931314	0.012390453758788528	0.013899237710801916	0.004202245236573422	0.1301615889076046	0.13478945521336924
SOX5.hg38	0.021467607463493795	0.015217323418063821	0.0031992078437157066	0.002529761804087374	0.13734118052675878	0.14148780393453103
SOX9.hg38	0.022292459167117362	0.013306925473228768	0.01105895391120507	0.004432941963715009	0.13656259035581253	0.14265678186060482
SP1.hg38	0.04227630665224446	0.024835856571119523	0.02606315168231805	0.00830175302948357	0.15452176276281723	0.19228639738937633
SP2.hg38	0.045784057328285555	0.018153909680908593	0.02448217072291327	0.006829786685677758	0.12951563581725556	0.14565260863664203
SP4.hg38	0.04422882920497567	0.018636783883180102	0.02284176835963747	0.006013881816542923	0.1274149225100173	0.15560334759182645
SP5.hg38	0.04209575705786912	0.015977713358572194	0.016641063549502583	0.0051052010816657716	0.12045443812373016	0.10478547191828726
SPDEF.hg38	0.06785796106003242	0.012777347755543535	0.013442237825524042	0.0025313067505777125	0.08714798594915475	0.08404944489865014
SPI1.hg38	0.03606866695511088	0.031753636560302854	0.006552157431535477	0.005763082675319991	1.0855331948906919	1.0774948226516603
SPIB.hg38	0.02908689659275284	0.020529958355868037	0.00530651970106694	0.0036411282429486894	0.6621801786972766	0.6513602102163933
SREBF2.hg38	0.028668173823688473	0.014696104380746356	0.009494792634839468	0.004434540829604883	0.09737012915413842	0.09827374745925108
SRF.hg38	0.028207340724716066	0.022599605732828557	0.008464084684596097	0.006122407850271263	0.456011244556654	0.4557987064307907
STAT1.hg38	0.0254966811249324	0.016075275067604103	0.01084323189275122	0.005344501522526469	0.1535537675962577	0.15282131949881328
STAT3.hg38	0.02225385094645755	0.012969725473228777	0.006326752514872917	0.003381891335201692	0.1347267067483045	0.13136519596875174
STAT4.hg38	0.025928936506219576	0.009874620659816128	0.008037139885605669	0.0032315419637150137	0.07964061626165805	0.08340600335107488
STAT5A.hg38	0.022702677122769056	0.014387349594375341	0.006709619784650139	0.003509247488404887	0.145008868931708	0.1566863800307053
STAT5B.hg38	0.01517560054083288	0.011504992212006487	0.007889569470803224	0.004056773653244197	0.13205224493289308	0.13810359835577132
STAT6.hg38	0.033631400108166586	0.012559193293672253	0.007808613363488881	0.003442231319140593	0.1130581095532321	0.12372870506492865
T.hg38	0.025359881557598718	0.011134661005949157	0.0044552804497107286	0.002666684969762553	0.10510557457567059	0.1013465211578689
TAL1.hg38	0.026676512925905907	0.01964159599783668	0.004820327879115646	0.0037454288575315075	0.331142807852154	0.33939280198820615
TBP.hg38	0.035661389616008655	0.01837192136289887	0.023003947391710525	0.008175063231558416	0.13559495672868782	0.141711102935865
TBX2.hg38	0.019287547863710116	0.013355650405624657	0.004455681754265226	0.003243350931707534	0.07857599444151403	0.08518121449233555
TBX21.hg38	0.023006467712276907	0.014036002055164963	0.005185005270662318	0.003323502289525876	0.16299699031906661	0.17420852471060164
TBX5.hg38	0.03286272168739857	0.01345624499729585	0.0046395612206434214	0.0026736061556615655	0.11773722099141161	0.12287675701990992
TCF12.hg38	0.03146330070308275	0.01581774505137913	0.011473222134814916	0.004804884094596563	0.15547653265977127	0.15683694645749835
TCF3.hg38	0.034682474202271496	0.012529444131963226	0.00915514214071488	0.003702065349001114	0.1518994881779407	0.16119159686250595
TCF4.hg38	0.039244850730124396	0.011640484478096265	0.008654326482783501	0.002579050435124621	0.1436230666645173	0.1443688410837909
TCF7.hg38	0.021154182909680925	0.013223651811790148	0.003416417873707321	0.002824767048527426	0.1223759574365904	0.12710800811507278
TCF7L1.hg38	0.03625064315846404	0.01731036084369929	0.017285626582755637	0.004979509379353295	0.09818419912052123	0.12090179018972116
TCF7L2.hg38	0.02280662314764738	0.010975696592752845	0.006155683891374544	0.0029643087565760554	0.12612400784205108	0.12988096409252903
TEAD1.hg38	0.01893833791238507	0.012100027798810174	0.0037930044643296576	0.0027077166527361236	0.15404602355591418	0.16552988487916678
TEAD3.hg38	0.0353071349918875	0.01522458734451055	0.004341671996328867	0.003143484061818838	0.18414754445907883	0.19004656807045017
TEAD4.hg38	0.024361967874526765	0.013054465008112493	0.00456307200943997	0.0028780317386957843	0.1599886354453466	0.16767907358549652
TFAP2A.hg38	0.04030204369929692	0.013929708491076252	0.011266312181850919	0.003910044187685407	0.1294921735746758	0.13707463907443027
TFAP2C.hg38	0.03912451389940508	0.013996600108166574	0.011314381546126483	0.003731862562892326	0.13420724664572514	0.14678716393691155
TFAP4.hg38	0.030644739643050305	0.016081792861005945	0.011088708576298414	0.004876543992657754	0.14255576388570382	0.14561509229362982
TFE3.hg38	0.0275844972417523	0.01471693931855057	0.008098372601078398	0.0036924195093170466	0.16294506442342077	0.16778955784936073
THAP11.hg38	0.027516204867495946	0.015612113574905355	0.01311124408935215	0.005571481098710178	0.1513522774813251	0.16453363476000754
TP53.hg38	0.027830002487831264	0.012145084369929698	0.006197353642427504	0.002546199301833925	0.14580427220071943	0.14781613592457962
TP63.hg38	0.029024048999459158	0.010769329799891834	0.004724629336086679	0.002289815444875989	0.13888148260112027	0.14903189805941414
TP73.hg38	0.028999946133044886	0.01045778204434829	0.004030219860039008	0.0018901675434714747	0.13120014696221619	0.12324322098152798
TRPS1.hg38	0.0295281074094105	0.012519600108166582	0.007583070796663213	0.0036069867872887983	0.1329932427847814	0.14239473582348067
TWIST1.hg38	0.021088882639264474	0.012547978799351012	0.003295382794958806	0.0030757915105626065	0.1194684433385822	0.13500880481447358
USF1.hg38	0.032831102974580854	0.013357904488912933	0.009675539997050025	0.0036324770801579673	0.16759749043302394	0.17267348874336377
USF2.hg38	0.03184807658193618	0.013829880800432674	0.009611401724109667	0.0035511530491502455	0.17870221590975766	0.17766154292866262
VDR.hg38	0.02518283958896702	0.013050954678204425	0.009342988118065472	0.004018562577642284	0.1762246227559931	0.17870998061615143
VEZF1.hg38	0.025871661979448353	0.016012708382909684	0.013043136630775023	0.004789651602012543	0.1296308812033569	0.1414581630124351
WT1.hg38	0.06919348545159545	0.020378530016224996	0.007608962249864844	0.0023942586426733458	0.10513302591763504	0.10977774541416263
XBP1.hg38	0.09474331260140616	0.01776416030286642	0.005974253034400234	0.0024810955373092474	0.12893516792667062	0.1333052927769321
YY1.hg38	0.03054443601946998	0.01810681330448891	0.01806716293819755	0.0073959500401527024	0.26695522545554223	0.21110837193136078
ZBTB11.hg38	0.02314008599242833	0.012563317252568955	0.011858402933608654	0.004384867541832614	0.15173064379481985	0.1538489024357055
ZBTB14.hg38	0.060684375446187114	0.025786688480259605	0.03577626926266452	0.008085527072782985	0.10780178591512998	0.1401389050768243
ZBTB16.hg38	0.014617953596538665	0.011954112601406164	0.003647544405657421	0.003279525256895592	0.13591686034321696	0.1452592079136136
ZBTB17.hg38	0.029767958247701464	0.012013079394267169	0.010882093859088438	0.003931964983529202	0.1564895653246475	0.1649437347644483
ZBTB2.hg38	0.029705109897241753	0.02614204456462952	0.006665881003654762	0.006214695399642752	0.7436447237190819	0.7690497554411625
ZBTB26.hg38	0.04801939296917252	0.019340492049756627	0.02714052170706525	0.00709485669567495	0.11746457633743766	0.1395801914792964
ZBTB33.hg38	0.036437075716603574	0.014771221308815568	0.012332561679531933	0.0038643407476604726	0.12716788263408507	0.13715827073203318
ZBTB42.hg38	0.03604608783126014	0.013758474851270954	0.008182214071488269	0.003378242909353128	0.11267077773560043	0.11839034486781615
ZBTB48.hg38	0.05782822877230936	0.013338692266089788	0.015590220653260564	0.0043728546306767025	0.11995442017047653	0.13816118906542843
ZBTB6.hg38	0.03334401817198485	0.012307861871281774	0.010031224039202195	0.0029545768359637574	0.11870761876726035	0.11619813168471364
ZBTB7A.hg38	0.042647283396430494	0.018511697998918334	0.017969028614976127	0.006686997508890985	0.16525876486016122	0.17958054069702328
ZEB1.hg38	0.03274732157923201	0.013130184964845864	0.013811932579445088	0.004326541026271363	0.11559015798243698	0.11562637196756838
ZEB2.hg38	0.02726328296376419	0.014657335316387233	0.00703642600258943	0.003239888047593307	0.12436995228903736	0.13015253218662895
ZFHX2.hg38	0.0461023064359113	0.026529126122228245	0.010614844695740516	0.0033014010521657936	0.13152472131034496	0.13831737955707826
ZFP1.hg38	0.022027681990265006	0.013927403893996751	0.005151904783912693	0.0033018281429765314	0.1579645103355499	0.16486651869472144
ZFP64.hg38	0.018372378583017848	0.013476465116279077	0.005130044351574177	0.0030579618466984705	0.10786733091232602	0.10708859515603951
ZFX.hg38	0.05943185429962141	0.018529188858842617	0.030097844036907732	0.008687293786977388	0.08462136211928499	0.10318125488465048
ZIC2.hg38	0.03187731541373715	0.010770840778799341	0.00921866251372569	0.0032282477539046692	0.11718836209131535	0.11714007017439475
ZIM3.hg38	0.012824492482422928	0.011388471606273664	0.0019524412147434625	0.0017138594162282945	0.12396027889002181	0.13417877652843851
ZKSCAN1.hg38	0.018197738236884805	0.013032328393726332	0.007651666945277545	0.003145549256764527	0.21058864782812564	0.21003496277814657
ZNF121.hg38	0.026018536938885877	0.019365629853975126	0.0032732534670665584	0.0033260304570857362	0.10401135668587913	0.10776089233127835
ZNF143.hg38	0.029831252568956187	0.017663750135208222	0.013285378533851252	0.005780597161446798	0.26552273018054307	0.23334803744856888
ZNF146.hg38	0.03358161200648997	0.02997016603569496	0.007991317980235025	0.004979229617975351	0.30004377045306696	0.29456104030222063
ZNF18.hg38	0.030743508382909675	0.01597619264467279	0.008670477686546366	0.003577096963141403	0.1459047066639377	0.1470123777119584
ZNF217.hg38	0.02205825170362358	0.010628288263926451	0.00773726499827914	0.003339363131586263	0.12293717036080992	0.12493511806415478
ZNF22.hg38	0.025989035262303947	0.05647658355868038	0.0030696070308274697	0.002841064110002164	0.14522823970591422	0.2505852184736191
ZNF24.hg38	0.015927917793401847	0.014727888912925905	0.004007960404477413	0.002688495596309229	0.2033134431891469	0.20489420061254981
ZNF263.hg38	0.05812478810167659	0.01471104954029206	0.014371292220200949	0.0032731128603503577	0.1223026704187029	0.12009221792668005
ZNF264.hg38	0.013438697025419154	0.00883007885343428	0.0019960121933231857	0.001729283163708476	0.12306873555540997	0.13778811770434476
ZNF274.hg38	0.07191686825310978	0.015239365819361807	0.012087051667568084	0.002719378081518232	0.12114168348085387	0.12644648525542543
ZNF280A.hg38	0.012150132828555968	0.01393973618171985	0.004712616208597596	0.00423497760624087	0.15300691068153124	0.1640026030514584
ZNF316.hg38	0.011473377285018928	0.012610749053542456	0.0016432642804464527	0.0017043368667748666	0.1999341164652501	0.21453482760352188
ZNF317.hg38	0.017657950243374805	0.01383235035154138	0.003965892426700766	0.0024634574626743607	0.14087628730045126	0.1469891339809795
ZNF335.hg38	0.0329167110870741	0.01382445267712277	0.018275602982775307	0.005460633410361053	0.11875707093191447	0.13690901078873657
ZNF341.hg38	0.03921222660897783	0.013997695835586799	0.01483902161037088	0.004209901945359487	0.120539318623951	0.1343333250868567
ZNF35.hg38	0.013941516603569489	0.013332132828555974	0.003614000252388686	0.0028868543684546833	0.16071936173992954	0.1684370932642609
ZNF382.hg38	0.02219640562466197	0.011503720281233101	0.0023639427438255315	0.0024188162020420353	0.12371867401838374	0.13024162425729854
ZNF384.hg38	0.05562380075716603	0.09630649886425097	0.003959266601111147	0.005045291499090409	0.20581534290845852	0.39182428812361386
ZNF449.hg38	0.010606750676041108	0.009848806273661435	0.00215295281642821	0.0017283118770178843	0.11971574397665911	0.13504146954717053
ZNF467.hg38	0.04059743126014062	0.02063738280151434	0.010351256731730521	0.002964281419932128	0.1509208539661444	0.15818142776187075
ZNF486.hg38	0.027224843807463497	0.018101402055164948	0.006381042316075817	0.0036989198289001626	0.20630258098777499	0.21235489186798337
ZNF554.hg38	0.03136671411573824	0.013545237425635476	0.0054433872527328495	0.0026237590409230113	0.15495174644918858	0.1576459906863988
ZNF574.hg38	0.025558025635478647	0.016588961168199017	0.010064109018798015	0.005247116125014353	0.17686092982010385	0.17916349763539643
ZNF580.hg38	0.03396350243374799	0.017252005408328837	0.009269136784830444	0.00486841479259879	0.2356945212300341	0.22239291304256764
ZNF652.hg38	0.01955974505137913	0.012655062303948075	0.004838606657161094	0.0031735670845830072	0.15042734165084104	0.1543357513500576
ZNF770.hg38	0.0379799755543537	0.01589052525689563	0.0038452348755264806	0.002634185459789932	0.16264317050589824	0.16272464772840095
ZNF792.hg38	0.030477466630611127	0.015872571660356948	0.010490144186046506	0.004297685097595763	0.16200772794167778	0.16479091516659497
ZSCAN16.hg38	0.025402851703623577	0.03272549940508383	0.0046871670780274195	0.0032200917940901916	0.13785245626882056	0.16506202780485887
ZSCAN22.hg38	0.04029808274743105	0.014906206057328286	0.014572606371994715	0.00430089302981137	0.1151330806382837	0.12161114042386022
ZSCAN9.hg38	0.02721014981070849	0.016504711736073544	0.010105536768441581	0.004670102761525486	0.19407434919097644	0.1918645380005022
