10
15
12
26
14
11
10
21
17
20
20
13
14
10
21
26
16
23
15
10
14
23
15
20
15
14
26
16
18
19
17
19
24
18
17
10
17
21
16
17
24
14
17
22
20
15
22
24
13
16
18
24
18
14
23
15
33
17
18
22
21
20
24
16
17
24
11
19
19
13
28
23
20
30
14
15
21
13
19
24
19
23
18
17
16
22
19
18
20
21
18
19
13
26
19
19
14
19
10
20
17
12
13
24
18
23
20
26
23
15
23
17
14
16
15
18
17
17
26
14
16
10
20
16
14
21
21
18
11
12
13
30
18
12
12
15
17
11
14
20
26
14
22
13
16
20
25
17
14
22
16
14
21
16
24
23
22
12
23
15
19
22
21
12
17
21
21
20
12
18
12
23
18
23
16
18
14
20
14
14
22
20
16
22
20
24
13
12
22
15
20
23
23
14
19
15
20
13
15
15
11
11
18
12
18
12
22
14
20
15
16
24
16
22
25
23
13
18
12
26
19
13
15
25
26
32
26
16
19
21
17
12
16
9
16
19
20
20
16
21
16
17
20
21
17
24
26
10
17
19
17
16
23
14
21
15
21
11
15
11
19
15
12
14
20
17
17
15
22
22
18
29
21
13
19
22
14
22
15
13
25
16
11
27
20
17
13
16
13
17
26
20
15
16
17
13
20
20
17
11
11
19
29
18
15
26
22
18
19
17
15
21
18
23
10
19
20
22
20
21
24
13
19
18
13
19
13
12
14
20
16
24
14
14
19
19
24
24
21
28
20
18
17
25
24
22
19
23
15
15
17
25
10
18
19
21
20
18
15
13
19
17
31
17
14
20
19
27
15
20
21
16
20
13
23
15
25
32
10
22
19
21
14
14
20
17
19
16
18
22
19
22
24
20
17
21
24
19
14
17
20
19
21
18
14
19
21
23
25
15
14
24
17
9
17
13
18
20
22
20
19
16
16
14
15
14
19
21
13
17
17
14
19
19
11
15
30
20
14
20
11
22
16
15
18
21
9
20
17
22
18
20
19
12
24
14
20
12
14
9
19
21
14
22
15
17
19
20
27
12
23
12
21
11
21
13
16
11
28
20
17
11
10
14
19
26
18
16
23
32
17
23
22
20
34
22
15
23
12
14
16
17
20
21
15
16
22
17
24
17
18
18
19
23
15
23
22
16
20
13
21
20
16
13
15
20
24
21
11
19
16
23
19
16
25
10
18
13
23
24
14
22
13
18
27
18
10
15
14
21
14
20
15
21
13
19
11
18
25
11
15
13
18
15
19
11
21
10
15
16
12
17
16
21
18
20
20
22
17
24
14
22
22
20
30
24
22
12
12
26
16
14
16
17
18
11
18
12
21
19
14
24
23
17
20
17
14
17
25
16
22
14
11
15
21
18
17
24
22
25
24
20
16
13
18
15
20
16
20
17
14
12
16
27
20
10
16
14
18
14
21
10
16
14
14
24
28
14
13
19
19
11
12
13
14
18
19
19
22
17
9
21
16
24
23
24
12
21
25
23
18
19
21
11
28
23
20
13
27
16
19
20
20
19
20
20
13
14
21
27
28
17
17
13
11
14
20
18
19
15
13
25
15
20
17
12
14
18
12
14
16
17
17
21
26
15
23
23
21
23
15
19
21
11
16
24
14
13
8
19
13
23
25
18
25
17
18
14
23
19
18
17
19
17
24
21
20
17
15
18
13
18
22
14
18
11
16
21
17
11
14
17
20
23
12
20
18
13
15
12
20
22
19
24
13
14
20
21
14
15
23
20
16
13
12
21
21
25
17
15
19
17
11
19
16
21
17
14
13
25
13
18
23
22
17
18
14
19
17
19
18
19
19
19
14
14
16
15
13
25
20
19
16
22
11
14
26
26
22
18
25
14
13
19
21
11
14
12
15
19
21
17
15
19
16
16
11
19
14
13
20
16
12
9
19
15
13
19
12
17
11
11
20
15
20
20
16
21
12
14
18
12
16
15
22
15
13
16
14
15
26
18
27
21
16
17
30
18
13
23
14
18
15
10
20
19
16
11
20
17
23
17
22
13
14
16
12
13
13
22
25
12
19
22
21
14
21
18
16
12
18
15
20
14
16
17
10
14
28
27
19
13
22
23
23
17
25
19
20
24
16
21
16
15
11
25
21
22
14
20
13
16
31
24
16
17
16
22
12
21
17
15
32
17
15
12
15
21
17
17
16
26
24
23
12
18
24
18
13
20
17
15
21
20
15
22
17
13
16
18
15
20
19
26
21
32
19
9
16
17
