53
57
54
65
54
56
52
63
59
64
64
55
56
50
62
70
60
66
60
51
58
66
58
62
57
57
67
60
60
62
60
65
66
61
58
52
61
64
60
60
66
59
59
63
63
60
64
65
57
59
62
67
60
56
67
59
73
60
61
64
64
62
68
60
60
66
55
66
62
54
69
68
64
71
57
56
64
57
63
67
64
65
62
60
60
65
60
61
64
64
59
62
56
69
63
61
59
63
50
63
62
53
56
65
60
65
62
70
64
57
67
60
53
58
58
60
59
59
70
57
60
53
63
60
57
64
63
62
53
55
54
68
61
56
54
59
59
52
57
66
70
57
68
57
59
62
68
61
57
65
58
55
68
59
66
65
63
54
67
57
62
66
67
54
61
64
66
64
56
60
55
67
59
66
57
63
59
63
55
56
66
63
58
65
63
65
57
54
66
55
64
65
64
57
63
60
61
57
60
58
54
54
59
56
64
53
64
57
63
58
58
68
60
67
68
67
55
63
53
69
63
55
57
69
67
71
67
60
59
64
61
55
59
47
60
61
65
65
60
63
60
61
65
65
61
66
67
49
59
61
60
60
65
58
64
58
63
51
62
55
64
59
53
53
64
58
60
57
66
64
60
68
64
55
62
65
56
66
58
53
66
58
52
69
62
62
56
58
55
60
68
65
60
59
59
57
62
65
60
52
52
65
70
64
56
67
67
59
62
63
58
64
62
65
51
64
63
64
65
63
66
57
62
62
58
63
53
53
57
65
57
66
57
57
62
62
64
65
63
69
63
63
62
70
65
65
63
63
58
59
59
66
50
60
60
67
65
61
59
57
63
64
73
61
60
62
61
70
58
63
64
62
63
56
66
60
67
71
51
63
61
64
55
56
64
62
65
60
59
64
61
65
66
62
59
64
65
62
58
60
64
60
64
60
56
61
64
66
67
62
57
67
60
48
63
55
63
62
67
64
63
58
58
56
58
55
62
63
56
58
60
56
62
64
52
54
72
63
57
67
50
65
59
60
59
65
50
64
61
67
60
64
64
56
66
58
61
55
57
48
63
64
58
64
59
63
64
62
70
56
65
52
63
52
64
54
60
53
70
63
60
53
50
58
64
69
59
60
64
73
59
67
66
63
73
64
60
66
54
60
62
60
63
63
57
59
66
61
67
59
63
60
64
66
53
67
66
59
63
53
65
64
60
56
58
64
67
63
51
62
59
69
66
59
69
53
61
53
68
65
57
63
58
62
67
62
52
59
56
63
56
64
59
65
55
62
52
62
66
54
58
56
60
58
65
52
66
51
56
62
54
62
61
64
62
64
65
64
58
67
59
65
66
64
70
66
63
54
54
69
58
58
60
60
63
54
63
52
65
60
56
65
69
62
62
59
55
61
66
59
63
55
52
57
65
59
61
66
68
67
66
62
59
55
59
59
63
60
63
60
58
55
59
69
64
51
60
56
62
56
65
50
57
56
60
67
71
57
54
61
63
53
56
56
57
63
63
64
64
62
49
66
59
66
67
65
55
64
68
68
60
62
60
54
72
66
64
52
69
57
63
64
63
63
64
63
58
55
62
70
70
62
61
57
51
58
64
61
62
58
58
65
60
63
60
55
57
61
54
57
58
62
60
64
67
58
65
67
64
64
60
61
64
52
62
66
55
56
43
60
55
65
68
61
67
61
62
56
64
62
61
59
63
59
66
64
62
60
56
61
55
61
65
57
63
53
60
64
61
53
60
61
64
67
52
62
58
57
58
53
61
68
62
67
55
57
64
63
57
57
66
64
61
54
56
63
63
68
57
58
63
61
53
60
58
63
58
59
56
68
57
61
65
63
61
60
57
62
62
60
63
62
64
62
55
56
60
56
55
67
64
60
58
65
51
58
69
69
65
59
66
55
56
63
61
51
59
58
58
60
65
59
58
59
58
60
54
64
59
55
66
59
54
49
63
58
55
62
54
61
56
52
65
57
61
63
60
65
54
56
61
57
59
60
64
58
54
57
55
57
70
61
68
63
58
60
69
63
54
66
58
59
59
52
60
62
62
52
65
61
67
58
66
53
55
61
52
56
55
64
67
55
62
65
64
56
64
63
59
55
59
58
61
56
59
62
50
56
69
70
61
53
63
67
67
60
68
63
65
67
61
62
61
56
48
69
65
65
59
65
56
59
70
66
59
62
62
64
53
63
60
59
72
61
59
56
59
65
60
60
58
68
66
65
53
62
67
61
56
63
60
60
67
64
58
62
59
58
58
62
61
62
61
69
65
73
61
46
61
59
