overall	high_tfx	low_tfx
0.83916	0.88529	0.63333
0.74247	0.79779	0.60317
0.89333	0.94048	0.60714
0.88462	0.87937	1.00000
0.90625	0.93277	0.73469
0.86869	0.94048	0.71667
0.92769	0.94444	0.75556
0.89660	0.92717	0.76190
0.88820	0.89076	0.80952
0.84550	0.90000	0.60714
0.85692	0.87970	0.66667
0.92720	0.93750	0.87500
0.88342	0.92157	0.55000
0.84615	0.86257	0.78571
0.83598	0.94386	0.57407
0.86508	0.86905	0.85714
0.84512	0.86508	0.62500
0.87302	0.94118	0.59375
0.77760	0.86471	0.42500
0.88582	0.93985	0.72727
0.82381	0.90079	0.64198
0.81548	0.80556	0.74074
0.90759	0.94398	0.83333
0.96140	0.95833	0.81818
0.77273	0.78571	0.75000
0.90596	0.91842	0.88889
0.84688	0.86296	0.75000
0.85490	0.93304	0.65000
0.83036	0.82870	0.87500
0.85786	0.92500	0.53333
0.80082	0.89474	0.35714
0.85417	0.92014	0.61667
0.88939	0.93750	0.68519
0.87656	0.92935	0.66667
0.86261	0.93981	0.64935
0.95175	0.95408	0.92000
0.87710	0.92917	0.72222
0.82931	0.87307	0.66667
0.86406	0.92778	0.57500
0.83851	0.92570	0.59091
0.89185	0.96753	0.54545
0.91515	0.96838	0.65000
0.93791	1.00000	0.57143
0.90827	0.93125	0.85227
0.82853	0.84000	0.80952
0.86207	0.89474	0.72000
0.83072	0.87813	0.61111
0.80070	0.85000	0.59091
0.84211	0.86154	0.76190
0.93103	0.95666	0.90000
0.95429	0.98039	0.78571
0.81410	0.85069	0.64062
0.82087	0.89869	0.50000
0.86619	0.91775	0.62963
0.86000	0.94183	0.57407
0.73077	0.78750	0.70000
0.82069	0.85714	0.72500
0.89300	0.92667	0.80952
0.91296	0.92708	0.79167
0.85093	0.90509	0.67273
0.87440	0.92059	0.73810
0.88571	0.96491	0.52778
0.85044	0.87719	0.76667
0.86925	0.88360	0.85417
0.89819	0.89444	0.93333
0.90995	0.94737	0.63636
0.92695	0.92328	0.96429
0.95280	0.97076	0.78571
0.85500	0.87778	0.76667
0.85379	0.91667	0.64000
0.93273	0.97059	0.78182
0.91319	0.99160	0.62857
0.84524	0.89975	0.59259
0.84615	0.85598	0.66667
0.83653	0.83902	0.84000
0.89247	0.92857	0.75000
0.91833	0.95518	0.62500
0.85648	0.85294	0.94286
0.82328	0.88125	0.53846
0.84310	0.83806	0.87500
0.84000	0.85673	0.78571
0.91410	0.93290	0.77500
0.91871	0.94737	0.71875
0.77395	0.83611	0.64935
0.84762	0.91373	0.64583
0.83333	0.84910	0.80556
0.87758	0.90756	0.75000
0.91693	0.95278	0.72222
0.90110	0.93706	0.75000
0.82792	0.89474	0.55556
0.89003	0.91538	0.71875
0.82298	0.92667	0.46154
0.92436	0.97628	0.53571
0.88906	0.93681	0.40741
0.82821	0.87778	0.65000
0.89712	0.95714	0.71429
0.84914	0.89161	0.57143
0.98872	1.00000	1.00000
0.92057	0.93981	0.87500
0.90580	0.89722	1.00000
0.80423	0.82000	0.73810
0.86536	0.90179	0.69841
0.86727	0.91447	0.66667
0.91379	0.91991	0.93333
0.83974	0.94203	0.44444
0.90519	0.96919	0.58333
0.91795	0.93565	0.57143
0.82714	0.83889	0.72727
0.85556	0.93651	0.51852
0.89808	0.97895	0.60000
0.89752	0.97059	0.63333
0.90281	0.94242	0.73958
0.94983	0.99667	0.70833
0.95455	0.99346	0.83077
0.92969	0.95109	0.83333
0.82175	0.85714	0.71429
0.86957	0.92434	0.81250
0.83548	0.87059	0.66667
0.89130	0.92760	0.78571
0.84911	0.86967	0.68750
0.89601	0.96364	0.63636
0.84788	0.86739	0.77143
0.82963	0.88624	0.41667
0.83000	0.86349	0.52778
0.80749	0.82086	0.80000
0.91856	0.94152	0.72222
0.91600	0.91905	0.97500
0.92270	0.95072	0.61111
0.86944	0.92727	0.69444
0.82321	0.85434	0.61905
0.87200	0.87374	0.78571
0.88218	0.93541	0.62857
0.91714	0.97230	0.77778
0.84354	0.93333	0.50000
0.85500	0.91118	0.68750
0.87344	0.89234	0.30000
0.82667	0.84429	0.75000
0.86453	0.92286	0.50000
0.86207	0.87500	0.69048
0.85913	0.88889	0.67500
0.84105	0.90625	0.73864
0.88906	0.95666	0.72917
0.82341	0.86296	0.53333
0.89966	0.97500	0.70833
0.89818	0.87941	1.00000
0.87191	0.93651	0.70000
0.81061	0.91481	0.57143
0.91575	0.93939	0.75000
0.83871	0.88235	0.61111
0.86538	0.92949	0.71429
0.87366	0.92308	0.67677
0.84603	0.90741	0.63889
0.85909	0.92017	0.68269
0.88308	0.93651	0.59375
0.83824	0.93506	0.33333
0.97379	0.99744	0.75000
0.82308	0.86765	0.53333
0.93143	0.94737	0.87500
0.89886	0.93254	0.66667
0.83333	0.88571	0.76000
0.82167	0.89583	0.66667
0.88963	0.92157	0.79167
0.85185	0.85714	0.78571
0.90364	0.92157	0.80000
0.80632	0.90278	0.46154
0.88000	0.95439	0.54000
0.88715	0.97059	0.63889
0.89031	0.94022	0.77500
0.79673	0.83193	0.71667
0.86420	0.94183	0.55000
0.88462	0.91610	0.73333
0.87101	0.93352	0.54545
0.77509	0.85953	0.52273
0.96250	0.98958	0.75000
0.83025	0.87778	0.61111
0.83333	0.88562	0.56250
0.92535	0.94444	0.76667
0.86801	0.86842	0.93750
0.86968	0.92284	0.71429
0.88174	0.87963	0.88571
0.88536	0.90132	0.75000
0.84000	0.86667	0.86667
0.92929	0.92059	1.00000
0.81077	0.89000	0.43333
0.82555	0.85000	0.66667
0.85238	0.85531	0.89286
0.87083	0.94949	0.70370
0.88793	0.90212	0.83333
0.80827	0.86842	0.69841
0.87455	0.95000	0.76667
0.90000	0.97193	0.56364
0.86357	0.88889	0.66667
0.94213	0.96458	0.80556
0.87542	0.88438	0.80952
0.88286	0.92133	0.71429
0.84615	0.91786	0.63333
0.88735	0.93043	0.72222
0.89171	0.92798	0.60714
0.87018	0.94755	0.32143
0.87742	0.92929	0.68254
0.88714	0.92560	0.80357
0.91439	0.93734	0.77143
0.87298	0.88393	0.92857
0.85607	0.89975	0.50000
0.82857	0.88360	0.57500
0.86548	0.90859	0.75758
0.83482	0.92157	0.64286
0.83718	0.85880	0.60000
0.84000	0.88857	0.71429
0.83442	0.84912	0.61538
0.85053	0.89474	0.64062
0.85733	0.95072	0.58571
0.88654	0.89164	0.71429
0.90177	0.90657	0.80000
0.90030	0.91250	0.81250
0.93077	0.96131	0.68182
0.88401	0.92690	0.57500
0.85755	0.90000	0.77778
0.95370	0.98997	0.62500
0.89224	0.93889	0.75926
0.83289	0.89356	0.59722
0.80998	0.82707	0.68056
0.89907	0.91148	0.83333
0.83467	0.84250	0.73333
0.89259	0.88889	0.89583
0.82930	0.93421	0.47917
0.92262	0.99211	0.44444
0.83766	0.82353	0.84444
0.90455	0.91818	0.87500
0.92308	0.96904	0.61111
0.81913	0.89020	0.56667
0.81731	0.85197	0.67857
0.81687	0.88688	0.66000
0.91026	0.95000	0.79630
0.84375	0.89062	0.56250
0.82364	0.83036	0.79167
0.82571	0.86997	0.74242
0.96667	0.97222	0.91667
0.79464	0.86842	0.50000
0.85167	0.95238	0.56000
0.94862	0.97544	0.78571
0.90333	0.92424	0.85000
0.89167	0.94444	0.65306
0.82891	0.86053	0.55556
0.80816	0.89712	0.61458
0.76061	0.82692	0.63736
0.91910	0.92572	0.73333
0.79830	0.87926	0.63077
0.80556	0.81863	0.80952
0.84483	0.87143	0.59259
0.88889	0.90756	0.81250
0.87205	0.94118	0.51111
0.90737	0.92545	0.80000
0.88103	0.86513	0.92500
0.87654	0.89931	0.77778
0.88723	0.92059	0.84722
0.86364	0.91923	0.59259
0.86667	0.95467	0.52727
0.90476	0.97959	0.69048
0.87158	0.92839	0.75000
0.75469	0.84091	0.45000
0.87831	0.90909	0.68000
0.80901	0.85758	0.60417
0.90134	0.96078	0.62222
0.88875	0.94866	0.58333
0.86180	0.91156	0.76190
0.88988	0.92667	0.76389
0.76346	0.78205	0.67857
0.89459	0.92273	0.64286
0.91964	0.92532	0.93333
0.82422	0.88636	0.60000
0.91250	0.93582	0.81818
0.89286	0.92083	0.75000
0.74728	0.81469	0.32500
0.89732	0.93684	0.73846
0.81965	0.89474	0.29167
0.85263	0.92333	0.57500
0.92333	0.95833	0.92593
0.84169	0.88770	0.62857
0.91124	0.92105	0.85714
0.89205	0.89841	0.87500
0.84367	0.90263	0.66234
0.88474	0.91444	0.73333
0.82234	0.88971	0.64444
0.90148	0.89474	0.87500
0.87154	0.90602	0.84375
0.88826	0.90625	0.78125
0.81994	0.84795	0.96429
0.87931	0.92381	0.62500
0.92185	0.93600	0.90625
0.86111	0.92388	0.50000
0.84236	0.86579	0.83333
0.83284	0.85833	0.81818
0.86538	0.87917	0.78788
0.90095	0.92000	0.70000
0.87167	0.92177	0.69697
0.71923	0.82548	0.44156
0.94400	0.94118	1.00000
0.80889	0.86378	0.58333
0.83813	0.89646	0.55556
0.90559	0.92593	0.75000
0.84722	0.87121	0.71212
0.88942	0.88503	0.89286
0.94973	0.98500	0.75000
0.79821	0.85407	0.62000
0.85953	0.89161	0.72500
0.89545	0.90441	1.00000
0.89198	0.97368	0.64062
0.76490	0.81389	0.48571
0.83333	0.91429	0.67500
0.79734	0.88235	0.55556
0.83075	0.84722	0.70000
0.86207	0.93000	0.55556
0.97980	1.00000	0.85000
0.85696	0.87121	0.74545
0.81094	0.85859	0.65000
0.90455	0.91176	0.85000
0.82692	0.89375	0.61667
0.89130	0.98120	0.50000
0.88347	0.92355	0.73469
0.86437	0.91026	0.66667
0.91667	0.95278	0.77778
0.90260	0.93985	0.73810
0.81769	0.81624	0.81481
0.85550	0.85789	0.88889
0.91207	0.95937	0.61111
0.84568	0.86667	0.83333
0.89497	0.95000	0.66667
0.85167	0.90873	0.52857
0.85863	0.86550	0.84000
0.80640	0.92014	0.42857
0.85569	0.90373	0.60000
0.85641	0.96579	0.47143
0.86014	0.86029	0.84000
0.88429	0.95185	0.71000
0.89153	0.94486	0.70370
0.89676	0.90741	0.78125
0.88122	0.87146	0.93939
0.87885	0.89412	0.72727
0.90000	0.96540	0.55000
0.90694	0.95141	0.67347
0.87351	0.88221	0.88889
0.85185	0.88611	0.55556
0.88018	0.88503	0.83333
0.85227	0.88889	0.60000
0.94828	0.97523	0.25000
0.83029	0.87500	0.58333
0.90683	0.97778	0.62500
0.81571	0.86471	0.76364
0.86255	0.90026	0.68750
0.84375	0.89766	0.36000
0.84857	0.87500	0.67500
0.80174	0.92130	0.46753
0.83807	0.86631	0.58000
0.80195	0.86053	0.83333
0.75175	0.79257	0.62963
0.83540	0.88095	0.65306
0.86532	0.85556	0.91111
0.89560	0.94019	0.76190
0.77231	0.84795	0.38776
0.89532	0.94697	0.61364
0.89177	0.85859	0.90000
0.84864	0.93651	0.61429
0.87097	0.93137	0.75000
0.86522	0.93316	0.43750
0.94314	0.94464	0.92593
0.88364	0.91406	0.75926
0.80324	0.87500	0.52778
0.80217	0.85764	0.71429
0.85185	0.89841	0.74242
0.83654	0.85833	0.63889
0.82812	0.86905	0.68182
0.85391	0.90909	0.26667
0.85600	0.85812	0.83333
0.88296	0.88859	0.91667
0.88735	0.89167	0.86667
0.85024	0.88750	0.77551
0.88575	0.93182	0.58333
0.94000	0.93889	0.90000
0.86859	0.86603	0.90000
0.85007	0.90936	0.68182
0.83191	0.86296	0.77778
0.90018	0.91471	0.88889
0.89819	0.90196	0.79545
0.83431	0.92857	0.55000
0.88107	0.94375	0.61224
0.86444	0.92708	0.70370
0.84467	0.89167	0.56250
0.82549	0.82418	0.88889
0.92432	0.93750	0.88636
0.93077	0.96140	0.80000
0.90737	0.94538	0.75926
0.87231	0.91053	0.69444
0.87649	0.94010	0.52500
0.87965	0.93062	0.63492
0.88177	0.91385	0.65625
0.91026	0.93235	0.83333
0.85714	0.86984	0.78571
0.90104	0.93333	0.77778
0.89125	0.93939	0.80519
0.92475	0.94211	0.80952
0.84828	0.85714	0.72222
0.91742	0.96894	0.53125
0.85538	0.87632	0.68571
0.86963	0.97205	0.54545
0.89818	0.94444	0.64286
0.84722	0.81765	0.90000
0.95538	0.97076	0.91837
0.89883	0.93168	0.81250
0.86058	0.93117	0.70769
0.83889	0.87500	0.68750
0.90385	0.93985	0.64286
0.88846	0.93611	0.66667
0.85345	0.91813	0.66667
0.80594	0.85000	0.68571
0.82479	0.90682	0.46429
0.86737	0.93906	0.64286
0.86071	0.91228	0.62222
0.92727	0.97569	0.76190
0.89920	0.95500	0.56000
0.82963	0.93316	0.35000
0.82555	0.90909	0.47500
0.86845	0.89153	0.76389
0.79097	0.85319	0.52778
0.84626	0.92929	0.52381
0.90741	0.90606	0.87500
0.91014	0.95455	0.50000
0.88538	0.94017	0.80000
0.80694	0.84450	0.55000
0.86039	0.85714	0.85714
0.92063	0.95694	0.77083
0.88435	0.88889	0.86111
0.85362	0.91406	0.59524
0.91495	0.97667	0.69048
0.87464	0.90476	0.77083
0.90495	0.94375	0.53125
0.83253	0.83939	0.80000
0.86864	0.90402	0.70000
0.91789	0.93684	0.77778
0.84091	0.87955	0.62857
0.80741	0.89216	0.50000
0.89448	0.96857	0.41667
0.90327	0.91579	0.82500
0.89796	0.93529	0.62500
0.92082	0.94097	0.80769
0.86615	0.90882	0.75556
0.92391	0.95278	0.77778
0.77536	0.88235	0.30612
0.82488	0.87255	0.50000
0.88393	0.89565	0.66667
0.91801	0.94250	0.61364
0.90286	0.95000	0.72000
0.88013	0.88747	0.83333
0.84858	0.85677	0.74286
0.86324	0.93478	0.59091
0.82411	0.82639	0.75000
0.86087	0.88158	0.63462
0.82079	0.83524	0.73438
0.84127	0.91534	0.65873
0.79455	0.82018	0.66667
0.91887	0.98235	0.57143
0.87673	0.92500	0.38095
0.81559	0.88684	0.50000
0.85842	0.91711	0.66667
0.85862	0.89441	0.66667
0.89050	0.94079	0.84091
0.80893	0.86364	0.61111
0.85561	0.90441	0.74286
0.84921	0.92177	0.55556
0.91186	0.95833	0.63889
0.84524	0.84722	0.85714
0.85470	0.91053	0.58333
0.81390	0.83810	0.90909
0.95455	1.00000	0.76190
0.86979	0.87258	0.72000
0.86467	0.88776	0.79167
0.89902	0.91304	0.82500
0.87500	0.92500	0.72727
0.93197	0.94481	0.90476
0.86857	0.88384	0.90000
0.80889	0.83851	0.41667
0.90815	0.93750	0.78182
0.88545	0.89844	0.76667
0.87045	0.91429	0.78182
0.73477	0.89916	0.52381
0.87500	0.88725	0.75000
0.87791	0.87897	0.83333
0.85909	0.86096	0.85000
0.85714	0.91746	0.66667
0.86004	0.90816	0.54167
0.81429	0.91026	0.50000
0.82011	0.84541	0.56250
0.88203	0.93333	0.56250
0.89799	0.91667	0.66667
0.81043	0.85561	0.55556
0.91481	0.92533	0.86667
0.82513	0.83883	0.83333
0.86528	0.91282	0.55556
0.85571	0.87566	0.69388
0.86812	0.95062	0.60000
0.84541	0.90263	0.45833
0.86261	0.89216	0.65000
0.80911	0.91154	0.64062
0.90923	0.94652	0.70370
0.87407	0.88409	0.80000
0.79443	0.83971	0.55000
0.91033	0.93386	0.81818
0.84571	0.92260	0.54545
0.87960	0.87216	0.82143
0.84524	0.83922	0.84848
0.85552	0.92149	0.80303
0.79910	0.82778	0.64444
0.87729	0.90260	0.82143
0.86694	0.92271	0.58333
0.89712	0.93333	0.71429
0.80000	0.82333	0.60000
0.92642	0.92895	0.85714
0.90909	0.88571	1.00000
0.84691	0.86087	0.65000
0.90357	0.92663	0.75000
0.88393	0.91534	0.73810
0.88038	0.94737	0.68000
0.90469	0.92246	0.80000
0.81805	0.84656	0.65000
0.89385	0.95425	0.68750
0.86111	0.92222	0.76389
0.85038	0.88346	0.55000
0.77083	0.80065	0.55556
0.79808	0.83333	0.71429
0.93400	0.94545	1.00000
0.86895	0.90212	0.71111
0.93043	0.94722	0.84000
0.88889	0.88988	0.94444
0.80029	0.86750	0.46875
0.83694	0.85758	0.74242
0.86717	0.90741	0.76190
0.91484	0.95739	0.78333
0.85417	0.92560	0.45000
0.93517	0.96000	0.75000
0.84258	0.87879	0.71429
0.88199	0.90909	0.73333
0.90483	0.92424	0.89286
0.86634	0.85354	1.00000
0.84696	0.90882	0.50000
0.88244	0.89869	0.84444
0.85032	0.87500	0.74074
0.84211	0.86607	0.74286
0.89076	0.92157	0.75000
0.84414	0.89372	0.64286
0.88871	0.91883	0.81481
0.87798	0.92220	0.59375
0.85990	0.93791	0.64000
0.92340	0.92708	0.90476
0.86538	0.88158	0.79487
0.90933	0.93651	0.82540
0.72464	0.82186	0.40909
0.87698	0.87556	0.81481
0.89667	0.93567	0.66667
0.83728	0.84242	0.77273
0.89783	0.91979	0.88333
0.88244	0.88038	0.83333
0.85185	0.93092	0.50000
0.87654	0.89818	0.75000
0.85057	0.87413	0.78571
0.87639	0.93750	0.75893
0.76923	0.79297	0.62500
0.89257	0.92754	0.73333
0.82532	0.86704	0.60000
0.90496	0.95518	0.73333
0.83856	0.89524	0.55357
0.91333	0.90882	0.81250
0.86667	0.90882	0.70000
0.88624	0.87872	0.94444
0.92615	0.95066	0.84127
0.89198	0.91842	0.85714
0.83333	0.89965	0.36667
0.90833	0.93567	0.74286
0.87685	0.90714	0.77778
0.88296	0.93891	0.00000
0.87520	0.91729	0.66667
0.91304	0.92333	0.91667
0.92150	0.93484	0.88333
0.81739	0.89338	0.61905
0.80286	0.83066	0.53333
0.82095	0.85450	0.74545
0.87566	0.92402	0.68750
0.93012	0.95707	0.76667
0.85632	0.89394	0.37500
0.83130	0.85197	0.77778
0.86167	0.86898	0.91667
0.92593	0.96491	0.77083
0.78833	0.80556	0.64286
0.83987	0.88636	0.64286
0.90435	0.92857	0.77083
0.82591	0.90417	0.51515
0.87231	0.87937	0.86000
0.84420	0.85714	0.75000
0.83208	0.88889	0.62121
0.88640	0.92327	0.77083
0.84740	0.85556	0.78125
0.91774	0.94706	0.42424
0.82714	0.88304	0.63333
0.80392	0.84281	0.72500
0.87414	0.88538	0.59259
0.89926	0.93386	0.75000
0.87130	0.91304	0.59259
0.90988	0.95395	0.68750
0.85434	0.90057	0.60000
0.85185	0.89402	0.62500
0.82857	0.84559	0.68182
0.86632	0.87302	0.74074
0.92000	0.93985	0.91667
0.82663	0.90062	0.56364
0.91758	1.00000	0.60000
0.85000	0.86397	0.72222
0.90844	0.91991	0.78333
0.82407	0.93229	0.41667
0.90148	0.94643	0.62857
0.79513	0.84167	0.84615
0.86182	0.87632	0.77083
0.83862	0.88012	0.59259
0.85942	0.90582	0.74286
0.80952	0.83014	0.70000
0.83165	0.85714	0.72500
0.91896	0.96726	0.71429
0.90089	0.91597	0.84444
0.87112	0.88562	0.74545
0.86452	0.91477	0.61111
0.90986	0.93484	0.71429
0.77931	0.85197	0.52500
0.82483	0.86471	0.61111
0.93813	0.94180	1.00000
0.82727	0.89706	0.36667
0.83385	0.86715	0.66667
0.91231	0.93704	0.76623
0.88735	0.91026	0.86667
0.86795	0.90741	0.72917
0.91259	0.94815	0.75000
0.80060	0.88545	0.60000
0.87862	0.90000	0.70000
0.81667	0.82609	0.75325
0.76190	0.81667	0.70707
0.89161	0.89952	0.79630
0.79857	0.84750	0.55000
0.85385	0.92500	0.66667
0.90167	0.96154	0.73810
0.90400	0.91765	0.75000
0.82626	0.89474	0.62338
0.83190	0.89474	0.50000
0.86536	0.88787	0.62500
0.89655	0.92810	0.70909
0.87618	0.89000	0.79167
0.84783	0.90432	0.80000
0.88636	0.92917	0.71429
0.83333	0.88333	0.62963
0.92006	0.92188	0.92593
0.81207	0.85417	0.70455
0.83796	0.92484	0.48333
0.87637	0.89773	0.69444
0.93651	0.95294	0.85714
0.80093	0.83709	0.45833
0.89028	0.95000	0.68056
0.84656	0.87543	0.65000
0.89533	0.91562	0.77551
0.82174	0.82745	0.80000
0.89130	0.93611	0.70000
0.88306	0.92823	0.71667
0.91156	0.90850	1.00000
0.87747	0.93162	0.65000
0.90596	0.92381	0.82143
0.83379	0.86429	0.77500
0.90803	0.93122	0.72000
0.86025	0.90132	0.81250
0.92838	0.93651	0.96000
0.86932	0.88636	0.59091
0.87919	0.93246	0.65455
0.88721	0.90196	0.76667
0.85786	0.90809	0.66667
0.86533	0.91304	0.66667
0.90338	0.95238	0.66667
0.91228	0.92997	0.75000
0.89493	0.92281	0.85000
0.86762	0.90278	0.77778
0.90400	0.91667	0.86364
0.85734	0.90476	0.70370
0.82609	0.84561	0.75000
0.89778	0.93281	0.78571
0.91379	0.95098	0.80208
0.86364	0.93434	0.56818
0.84143	0.91837	0.62338
0.94335	0.94375	1.00000
0.83333	0.87083	0.33333
0.89694	0.93968	0.64583
0.71354	0.82972	0.20000
0.85645	0.87826	0.80000
0.81212	0.84759	0.87879
0.81609	0.86739	0.55556
0.95106	0.97059	0.89899
0.86224	0.86061	0.88889
0.85390	0.90226	0.38095
0.89333	0.92231	0.69444
0.89286	0.94500	0.76786
0.88406	0.90028	0.68750
0.85909	0.86704	0.75758
0.84624	0.87500	0.71111
0.89744	0.95652	0.66667
0.80800	0.88471	0.48148
0.82471	0.84722	0.76923
0.86834	0.84921	0.95000
0.92720	0.91250	0.98413
0.91364	0.93452	0.81481
0.87374	0.91270	0.66667
0.82168	0.84028	0.82500
0.87925	0.91389	0.50000
0.89841	0.92262	0.80952
0.80403	0.91228	0.61905
0.87143	0.93229	0.72917
0.89821	0.89770	1.00000
0.88889	0.90476	0.85714
0.88215	0.89474	0.70833
0.91346	0.92941	0.77778
0.84462	0.89091	0.65000
0.84000	0.91503	0.64583
0.87520	0.90278	0.68571
0.94643	0.98942	0.76190
0.87581	0.93929	0.65152
0.85662	0.89372	0.74242
0.85676	0.90476	0.57500
0.86667	0.86395	0.91111
0.82533	0.85714	0.70000
0.81559	0.89474	0.46000
0.82107	0.90683	0.40741
0.95982	0.98333	0.83333
0.85714	0.88235	0.65385
0.86548	0.88776	0.82143
0.91810	0.94792	0.74286
0.87830	0.93750	0.76923
0.90148	0.92490	0.75000
0.84161	0.88770	0.44444
0.85556	0.90909	0.58333
0.91496	0.95294	0.76364
0.82488	0.88182	0.61111
0.86212	0.90000	0.64444
0.81922	0.81053	0.87500
0.92632	0.94565	0.88889
0.84783	0.87831	0.70909
0.78783	0.81163	0.58333
0.84135	0.87889	0.71429
0.86667	0.87407	0.79167
0.89286	0.91950	0.68889
0.84763	0.85625	0.86667
0.87019	0.90196	0.70130
0.79282	0.88333	0.56122
0.83663	0.84190	1.00000
0.84448	0.94048	0.59722
0.89510	0.95322	0.58333
0.83048	0.88304	0.62500
0.84911	0.88684	0.75000
0.84533	0.88272	0.67857
0.87619	0.90417	0.71111
0.90194	0.98465	0.21429
0.89464	0.90333	0.82500
0.91143	0.94034	0.77143
0.85897	0.91447	0.80000
0.87169	0.90271	0.70000
0.93056	0.95238	0.77778
0.86265	0.86933	1.00000
0.87652	0.91319	0.79592
0.86823	0.93350	0.65152
0.86706	0.84711	0.95238
0.95972	0.98039	0.82051
0.85625	0.85938	0.89583
0.89423	0.91980	0.72000
0.79143	0.89216	0.54545
0.79828	0.82353	0.74074
0.85037	0.86349	0.75000
0.89667	0.95395	0.64444
0.77717	0.87353	0.54167
0.86520	0.89474	0.65000
0.86957	0.91560	0.52381
0.90842	0.95139	0.65000
0.75499	0.84727	0.53125
0.89821	0.90000	0.86667
0.85770	0.89167	0.61224
0.90942	0.96154	0.78333
0.89226	0.91317	0.76667
0.88859	0.93780	0.65306
0.88824	0.90625	0.80556
0.88272	0.89048	0.87500
0.90451	0.88194	0.97917
0.93398	0.94688	0.91837
0.85054	0.94486	0.36364
0.86804	0.92997	0.64000
0.81481	0.83088	0.48148
0.92308	0.92935	0.83333
0.91518	0.94687	0.78333
0.86222	0.86364	0.86000
0.83485	0.85588	0.72000
0.86745	0.89123	0.62500
0.92147	0.95312	0.72500
0.93506	0.94460	0.70370
0.89919	0.92250	0.72727
0.84367	0.87662	0.72500
0.88095	0.87059	0.77778
0.86247	0.91855	0.65079
0.88609	0.90952	0.70000
0.83894	0.86878	0.79630
0.90194	0.93125	0.65714
0.92533	0.96875	0.75000
0.80333	0.85197	0.70455
0.90847	0.97333	0.68750
0.82895	0.89259	0.37500
0.91944	0.96750	0.60000
0.85793	0.87302	0.65625
0.88250	0.87500	0.91358
0.85417	0.90028	0.63636
0.86000	0.89946	0.73333
0.81975	0.90058	0.52500
0.88039	0.88333	0.90000
0.87500	0.92157	0.66667
0.85676	0.92281	0.72727
0.86835	0.92706	0.50000
0.88276	0.90571	0.62500
0.86404	0.87619	0.75556
0.90400	0.95378	0.72917
0.91238	0.89474	0.96667
0.86862	0.88384	0.78333
0.80944	0.85813	0.60000
0.81766	0.86667	0.72222
0.85400	0.91667	0.05556
0.87028	0.89118	0.83333
0.85484	0.91429	0.53333
0.81076	0.84561	0.51111
0.90143	0.89827	0.80952
0.75601	0.80952	0.68182
0.81607	0.86735	0.77381
0.84853	0.90374	0.36111
0.90839	0.93189	0.84091
0.81203	0.86932	0.57500
0.84848	0.83918	0.83333
0.89773	0.91118	0.85185
0.92063	0.95000	0.88750
0.80938	0.85024	0.59375
0.81767	0.86014	0.75556
0.84615	0.85197	0.78571
0.89252	0.92051	0.68519
0.87917	0.89706	0.82143
0.92659	0.94333	0.87500
0.80966	0.88095	0.57576
0.88696	0.90727	0.66667
0.89286	0.91429	0.77143
0.86742	0.93645	0.56667
0.86080	0.87812	0.75000
0.88492	0.94167	0.64583
0.85908	0.88581	0.78571
0.94290	0.95476	0.87500
0.94581	0.98396	0.79167
0.90462	0.95833	0.66667
0.84923	0.88545	0.72222
0.92354	0.97222	0.70330
0.85062	0.88330	0.72727
0.86909	0.96154	0.62222
0.84163	0.87407	0.87500
0.83218	0.85965	0.63333
0.88324	0.91667	0.76190
0.88715	0.93316	0.65714
0.84571	0.90432	0.62857
0.96250	0.97794	0.95833
0.86429	0.92014	0.65476
0.85185	0.88611	0.73333
0.82790	0.90657	0.50000
0.82990	0.88068	0.70909
0.81973	0.85000	0.71429
0.86923	0.86957	0.91667
0.94180	0.98897	0.75000
0.85072	0.85784	0.77778
0.92751	0.93636	0.91667
0.87179	0.91667	0.50000
0.82437	0.92713	0.50000
0.81333	0.91875	0.35000
0.94097	0.94444	0.92857
0.83000	0.84830	0.75000
0.91612	0.96842	0.69231
0.87143	0.90952	0.68750
0.84780	0.89723	0.57143
0.97491	1.00000	0.77083
0.86111	0.90132	0.75000
0.90476	0.91331	0.78182
0.82986	0.95299	0.43939
0.87075	0.89323	0.80000
0.94318	0.98951	0.72222
0.85161	0.89667	0.78182
0.83492	0.88437	0.74000
0.91200	0.92081	0.81250
0.89231	0.92391	0.90000
0.89694	0.91520	0.88889
0.91468	0.94583	0.75556
0.79861	0.86562	0.71875
0.82967	0.84083	0.83333
0.90683	0.91003	0.83333
0.94182	0.99259	0.65000
0.94720	0.97895	0.84722
0.93043	0.98452	0.66667
0.89365	0.95380	0.54286
0.91129	0.92045	0.83333
0.89674	0.94667	0.66667
0.87587	0.93092	0.63333
0.89881	0.98333	0.66667
0.90595	0.92105	0.86667
0.93681	0.96627	0.55000
0.82609	0.89766	0.87143
0.88199	0.90097	0.76000
0.92045	0.92105	0.86667
0.88244	0.94156	0.70000
0.82784	0.88796	0.40000
0.77667	0.83901	0.59524
0.87424	0.94667	0.58571
0.93466	0.95343	0.80000
0.95677	0.99167	0.85714
0.89201	0.90909	0.80556
0.86420	0.94558	0.58333
0.82069	0.86199	0.62500
0.86667	0.91111	0.67857
0.97235	0.98148	0.93333
0.91667	0.91667	0.84444
0.84783	0.86275	0.68889
0.89538	0.92982	0.80303
0.87666	0.86364	0.93750
0.87619	0.88603	0.83333
0.86161	0.88503	0.78571
0.91236	0.93623	0.81481
0.90104	0.94709	0.85714
0.91506	0.91975	0.95833
0.87945	0.89904	0.75000
0.84000	0.90000	0.77778
0.84121	0.84773	0.78182
0.91536	0.93075	0.90000
0.85185	0.93233	0.57143
0.92364	0.98148	0.62500
0.84911	0.90618	0.47619
0.83077	0.88235	0.59091
0.81984	0.89931	0.60000
0.87315	0.91176	0.74167
0.90175	0.94074	0.77083
0.81731	0.84594	0.71429
0.81053	0.87045	0.56061
0.87157	0.93333	0.53704
0.87846	0.91765	0.71111
0.86435	0.95604	0.57500
0.83673	0.90476	0.57143
0.90970	0.94805	0.66667
0.93304	0.95906	0.84000
0.84667	0.92708	0.57407
0.86000	0.92982	0.47222
0.87574	0.89474	0.78571
0.93732	0.97354	0.75556
0.88287	0.97222	0.31250
0.84714	0.87557	0.62963
0.84125	0.87273	0.68000
0.88259	0.96410	0.65152
0.77258	0.89167	0.43750
0.92582	0.91641	0.93506
0.90948	0.90489	0.61538
0.83851	0.83473	0.90909
0.81530	0.86413	0.58000
0.88021	0.91667	0.75000
0.83041	0.87868	0.59091
0.72669	0.89614	0.11111
0.82585	0.88034	0.57500
0.85417	0.88235	0.76364
0.90842	0.91875	0.90000
0.87931	0.91250	0.70000
0.93778	0.91877	1.00000
0.89021	0.94709	0.70000
0.88429	0.95000	0.68000
0.86613	0.89931	0.55769
0.85714	0.89881	0.71429
0.88714	0.92763	0.58333
0.85802	0.94019	0.51562
0.92023	0.96199	0.74603
0.92857	0.98529	0.71111
0.87304	0.86150	0.91667
0.90659	0.98496	0.55556
0.93076	0.96676	0.75000
0.92000	0.96944	0.66667
0.94444	0.95322	0.90909
0.91358	0.92857	0.85417
0.80519	0.91349	0.54545
0.87340	0.88889	0.84615
0.85691	0.88421	0.84615
0.87160	0.88816	0.75000
0.86063	0.88070	0.81429
0.86308	0.91950	0.62500
0.93548	0.94976	0.80556
0.83385	0.92328	0.48571
0.80167	0.87037	0.63492
0.83333	0.84211	0.83636
0.86842	0.92381	0.74545
0.91387	0.93197	0.80952
0.86553	0.87843	0.73333
