overall	high_tfx	low_tfx
0.87587	0.90882	0.80000
0.80769	0.88235	0.63492
0.94074	0.97619	0.60714
0.93077	0.93968	0.92000
0.95238	0.95798	0.93878
0.90067	0.93651	0.85000
0.93474	0.93056	0.91111
0.93364	0.96639	0.83333
0.90994	0.91036	0.88095
0.92020	0.92222	1.00000
0.90769	0.89975	0.96667
0.92582	0.92250	0.93750
0.89163	0.89951	0.85000
0.85165	0.89181	0.67143
0.91005	0.95789	0.81481
0.85913	0.89286	0.76190
0.87879	0.86508	1.00000
0.92262	0.96324	0.90625
0.87200	0.91765	0.72500
0.93149	0.95238	0.83117
0.84762	0.89683	0.71605
0.82738	0.83796	0.75926
0.90345	0.92717	0.79167
0.94853	0.95536	1.00000
0.84175	0.82298	0.96875
0.87774	0.91316	0.70370
0.89792	0.92593	0.77500
0.89860	0.93750	0.71250
0.88244	0.88194	1.00000
0.91137	0.92500	0.80000
0.84753	0.90526	0.53571
0.89583	0.93056	0.78333
0.87576	0.90476	0.64815
0.90781	0.93750	0.77778
0.92174	0.93981	0.96104
0.97807	0.98980	0.96000
0.91414	0.95417	0.81944
0.78100	0.79876	0.70833
0.85469	0.89167	0.62500
0.89596	0.92570	0.77273
0.96593	0.98052	0.87273
0.95556	0.96838	0.97500
0.92974	1.00000	0.40476
0.86190	0.88750	0.81818
0.83813	0.83333	0.83333
0.89125	0.91228	0.80000
0.86834	0.89687	0.77778
0.84091	0.87667	0.81818
0.85770	0.85769	0.92857
0.96552	0.98452	0.90000
0.93857	0.98319	0.75000
0.84936	0.89931	0.76562
0.88696	0.91830	0.75000
0.87216	0.90909	0.74074
0.91286	0.96122	0.72222
0.84402	0.87083	0.83333
0.91724	0.94486	0.85000
0.89438	0.94333	0.82143
0.93117	0.92361	0.95833
0.87081	0.89352	0.78182
0.86312	0.89118	0.76190
0.89143	0.95088	0.66667
0.87977	0.92231	0.66667
0.84339	0.88360	0.70833
0.88013	0.89722	0.80000
0.93145	0.94211	1.00000
0.88474	0.88889	0.89286
0.94056	0.97953	0.67857
0.86167	0.87500	0.90000
0.88000	0.94722	0.62000
0.93455	0.95378	0.89091
0.88715	0.97059	0.55714
0.87054	0.84461	0.96296
0.88958	0.87627	1.00000
0.84930	0.85417	0.96000
0.88018	0.94361	0.64286
0.89000	0.92717	0.66667
0.86265	0.87701	0.85714
0.94397	0.96250	0.90385
0.87902	0.87045	0.92500
0.84320	0.87719	0.78571
0.84231	0.85281	0.80000
0.84121	0.87368	0.65625
0.88761	0.89167	0.85714
0.90476	0.92549	0.91667
0.85185	0.87980	0.63889
0.90545	0.91807	0.97500
0.93260	0.93611	0.77778
0.89744	0.93706	0.78125
0.93344	0.96491	0.75000
0.92711	0.94103	0.90625
0.85714	0.95333	0.48718
0.94615	0.96245	0.75000
0.91904	0.95055	0.62963
0.91795	0.92222	0.95000
0.92798	0.96071	0.71429
0.87931	0.89860	0.71429
0.96617	0.98235	0.81250
0.94141	0.93750	1.00000
0.91449	0.91389	0.94444
0.87831	0.88000	0.95238
0.88920	0.89583	0.88889
0.91091	0.91776	0.80556
0.88793	0.91304	0.83333
0.89103	0.90145	0.81481
0.89778	0.94398	0.68750
0.90769	0.91478	1.00000
0.86143	0.88889	0.80000
0.90317	0.90476	0.77778
0.91731	0.97368	0.77143
0.88354	0.94444	0.80000
0.90026	0.91818	0.84375
0.96488	0.99333	0.83333
0.93109	0.94444	0.89231
0.90755	0.93478	0.80556
0.85561	0.88571	0.72619
0.88406	0.93092	0.78125
0.84194	0.88235	0.50000
0.93297	0.96380	0.82857
0.88203	0.88972	0.91667
0.88462	0.92424	0.63636
0.89418	0.91522	0.80000
0.92963	0.95503	0.58333
0.93500	0.92063	0.97222
0.91043	0.94920	0.78333
0.92045	0.96199	0.55556
0.84400	0.90476	0.77500
0.93750	0.92754	1.00000
0.87361	0.89091	0.80556
0.85714	0.87395	0.76190
0.88000	0.90909	0.85714
0.91810	0.94737	0.74286
0.93143	0.95845	0.85185
0.91667	0.95333	0.81250
0.88000	0.91447	0.77083
0.91719	0.91866	0.50000
0.88571	0.91003	0.71875
0.88770	0.92286	0.75000
0.85411	0.87955	0.71429
0.87652	0.88889	0.97500
0.93056	0.97266	0.78409
0.92204	0.94118	0.87500
0.87698	0.90000	0.66667
0.90816	0.93611	0.79167
0.90909	0.90000	1.00000
0.89969	0.95238	0.78889
0.88636	0.94074	0.73810
0.91941	0.94848	0.87500
0.89401	0.89572	0.88889
0.89423	0.89744	0.85714
0.95430	0.97902	0.87879
0.86349	0.88148	0.86111
0.89848	0.92857	0.81731
0.91231	0.94709	0.78125
0.90359	0.92857	0.81250
0.98069	1.00000	0.77083
0.87500	0.88603	0.86667
0.93571	0.95975	0.87500
0.95014	0.94643	1.00000
0.87083	0.89524	0.88000
0.90333	0.91319	0.91667
0.87793	0.91176	0.75000
0.88426	0.91234	0.80357
0.88182	0.90850	0.82857
0.87352	0.91667	0.78462
0.88833	0.94386	0.64000
0.90909	0.95956	0.66667
0.93020	0.96196	0.97500
0.84574	0.88655	0.75000
0.90278	0.93075	0.82500
0.90883	0.94331	0.76667
0.91014	0.95291	0.77273
0.78547	0.85619	0.61364
0.94750	0.96042	0.87500
0.89969	0.90278	0.88889
0.86447	0.85948	0.93750
0.87674	0.91228	0.60000
0.86801	0.90789	0.85417
0.90452	0.93210	0.85714
0.88696	0.88272	0.97143
0.92945	0.92434	1.00000
0.89684	0.92917	0.80000
0.93771	0.95000	0.82857
0.82308	0.83000	0.76667
0.85714	0.88500	0.79167
0.85952	0.87546	0.71429
0.85417	0.87374	0.85185
0.89799	0.94974	0.64583
0.89286	0.92544	0.80952
0.92294	0.99000	0.85000
0.95667	0.96491	0.94545
0.82459	0.85833	0.46667
0.92708	0.93750	0.91667
0.88721	0.91875	0.78571
0.93286	0.96687	0.57143
0.86000	0.90000	0.60000
0.91667	0.92464	0.91667
0.87968	0.90947	0.75000
0.91075	0.92657	0.85714
0.93419	0.98232	0.74603
0.90714	0.90774	0.91071
0.88834	0.93484	0.74286
0.86895	0.88988	1.00000
0.87406	0.92732	0.62500
0.82857	0.90476	0.45000
0.92143	0.96953	0.73737
0.88244	0.93137	0.74286
0.88333	0.89352	0.70000
0.91750	0.92000	0.85714
0.83929	0.86316	0.64103
0.90079	0.93684	0.81250
0.89200	0.94203	0.75714
0.93077	0.92879	1.00000
0.89050	0.90657	0.76000
0.86458	0.88500	0.75000
0.90615	0.95833	0.40909
0.92633	0.93860	0.80000
0.92593	0.96111	0.81481
0.91821	0.95238	0.70833
0.89799	0.91111	0.92593
0.90318	0.94118	0.79167
0.83897	0.84962	0.80556
0.91925	0.92584	0.87500
0.88667	0.87500	0.95556
0.90556	0.92063	0.79167
0.89919	0.93684	0.62500
0.92411	0.98684	0.61111
0.80952	0.80882	0.84444
0.83182	0.84545	0.82143
0.94816	0.95975	1.00000
0.84174	0.88627	0.58333
0.86859	0.88816	0.82143
0.90329	0.93665	0.88000
0.89423	0.93667	0.81481
0.88988	0.86719	0.96875
0.84727	0.87500	0.81944
0.91286	0.94427	0.93939
0.95417	0.97009	0.87500
0.90923	0.96199	0.80000
0.84689	0.87500	0.80000
0.96443	0.98246	0.89286
0.85667	0.90303	0.67500
0.93500	0.95098	0.89796
0.86605	0.90000	0.76190
0.88027	0.99588	0.72917
0.76667	0.81538	0.68132
0.91645	0.91667	0.93333
0.87642	0.93498	0.67692
0.77315	0.79412	0.71429
0.82040	0.85952	0.51852
0.89481	0.91036	0.81250
0.96296	0.99673	0.75556
0.87723	0.86545	1.00000
0.89483	0.89474	1.00000
0.92284	0.93403	0.79167
0.92255	0.94706	0.87500
0.89510	0.90769	0.88889
0.93333	0.97067	0.76364
0.87566	0.95238	0.61905
0.93341	0.96675	0.88889
0.84219	0.90260	0.65000
0.92063	0.90341	1.00000
0.84938	0.87879	0.77083
0.90134	0.92157	0.75556
0.91625	0.93527	0.88889
0.87422	0.89456	0.88889
0.95685	0.97000	0.91667
0.81154	0.82479	0.80357
0.92877	0.92273	0.92857
0.90327	0.91234	0.90000
0.85742	0.93182	0.63333
0.91250	0.92961	0.72727
0.93056	0.91250	0.94444
0.85185	0.85839	0.77500
0.93601	0.95439	0.84615
0.90982	0.92481	0.91667
0.89649	0.90000	0.92500
0.96333	0.97024	1.00000
0.91850	0.93583	0.82857
0.85503	0.85088	0.91071
0.86957	0.87302	0.84375
0.87841	0.94737	0.55844
0.90260	0.91444	0.86667
0.90842	0.94853	0.80000
0.89655	0.91479	0.68750
0.91502	0.96617	0.75000
0.93939	0.94792	0.93750
0.85565	0.88012	1.00000
0.93678	0.94286	0.91667
0.95534	0.95467	1.00000
0.88148	0.94810	0.56667
0.84072	0.86842	0.83333
0.87537	0.91111	0.88636
0.86888	0.91250	0.71212
0.90286	0.91333	0.90000
0.89833	0.92517	0.84848
0.87179	0.90859	0.80519
0.89200	0.94118	0.68750
0.85481	0.86997	0.76667
0.82716	0.86364	0.68889
0.92308	0.96914	0.62500
0.86490	0.89141	0.77273
0.84936	0.88770	0.60714
0.98370	0.99250	0.91667
0.91443	0.91627	0.92000
0.90301	0.92657	0.85000
0.88182	0.90809	0.72222
0.87809	0.93421	0.70312
0.82931	0.84722	0.74286
0.87681	0.93810	0.76250
0.93935	0.97647	0.88889
0.84783	0.87222	0.72500
0.82328	0.86250	0.61111
0.96392	0.97187	0.87500
0.83780	0.87626	0.69091
0.83281	0.83838	0.95000
0.83182	0.83660	0.81667
0.86538	0.87187	0.80000
0.89632	0.93985	0.81250
0.87158	0.91116	0.71429
0.90283	0.94444	0.66667
0.92788	0.94444	0.91667
0.90584	0.95865	0.59524
0.84218	0.84615	0.96296
0.85386	0.86579	0.88889
0.91724	0.95312	0.61111
0.83539	0.89825	0.50000
0.94675	0.98333	0.79167
0.90000	0.90476	0.81429
0.92262	0.98538	0.58000
0.94240	0.98611	0.74603
0.81494	0.90373	0.47500
0.92949	0.97105	0.90000
0.87413	0.87868	0.90000
0.91286	0.92963	0.86000
0.87302	0.94236	0.57407
0.93522	0.92593	1.00000
0.86086	0.87146	0.66667
0.92885	0.92941	0.81818
0.95636	0.98616	0.80000
0.92222	0.93350	0.79592
0.87798	0.88972	0.88889
0.91049	0.90556	0.88889
0.86982	0.89840	0.69444
0.83442	0.89474	0.56667
0.95690	0.96594	1.00000
0.83731	0.87171	0.67857
0.95031	0.99167	0.62500
0.87714	0.92059	0.90909
0.92426	0.93862	0.89583
0.87946	0.92398	0.62000
0.85571	0.90750	0.55000
0.89391	0.96759	0.68831
0.87500	0.86898	0.90000
0.90097	0.92895	1.00000
0.84790	0.88854	0.77778
0.84938	0.89286	0.63265
0.81481	0.81852	0.77778
0.89835	0.91627	0.85714
0.87538	0.95029	0.48980
0.88154	0.94697	0.47727
0.80303	0.86364	0.75000
0.88946	0.94048	0.74286
0.91398	0.96405	0.79762
0.92464	0.95187	0.70833
0.90803	0.92042	0.85185
0.95273	0.97266	0.90741
0.89583	0.94444	0.72222
0.89783	0.91667	1.00000
0.85755	0.90159	0.69697
0.84135	0.84722	0.86111
0.91276	0.94286	0.90909
0.87130	0.87626	0.93333
0.87040	0.87185	0.75000
0.89630	0.91033	0.94444
0.91304	0.89167	0.96667
0.86634	0.88437	0.75510
0.90860	0.93864	0.72222
0.92833	0.93056	1.00000
0.88782	0.90431	0.75000
0.86057	0.89181	0.79545
0.77920	0.82593	0.70707
0.89655	0.89706	0.88889
0.91133	0.92484	0.88636
0.96686	0.98095	0.93333
0.88619	0.91875	0.77551
0.85556	0.92188	0.66667
0.90089	0.90556	0.91667
0.81961	0.85348	0.72222
0.91304	0.92763	0.97727
0.90385	0.92632	0.91429
0.93951	0.95378	0.90741
0.93077	0.95789	0.83333
0.87798	0.90625	0.72500
0.90074	0.91866	0.82540
0.86864	0.88615	0.78125
0.92788	0.93235	0.94444
0.89116	0.90794	0.85714
0.90625	0.95088	0.77778
0.91512	0.93636	0.89610
0.92977	0.93947	0.90476
0.92931	0.95342	0.80556
0.93677	0.97308	0.71875
0.86923	0.88421	0.91429
0.96296	0.98137	0.95455
0.91455	0.95139	0.80952
0.86265	0.86765	0.77500
0.94615	0.97661	0.83673
0.89003	0.89441	0.89062
0.89423	0.95951	0.76923
0.89306	0.90909	0.84375
0.92949	0.95489	0.71429
0.89615	0.94444	0.71212
0.89655	0.95906	0.73333
0.81469	0.83333	0.82857
0.89316	0.90682	0.85714
0.91512	0.95014	0.80000
0.86786	0.89474	0.75556
0.91455	0.97917	0.59524
0.94880	0.98000	0.84000
0.89481	0.92246	0.77500
0.92445	0.94697	0.80000
0.83908	0.91005	0.58333
0.87613	0.93075	0.65278
0.92098	0.97222	0.66667
0.88704	0.88182	0.87500
0.93333	0.95238	1.00000
0.86364	0.91880	0.66667
0.87222	0.88278	0.80000
0.91883	0.91964	0.88095
0.93915	0.95694	0.95833
0.83844	0.88194	0.77778
0.89710	0.91927	0.76190
0.91495	0.97667	0.75000
0.89459	0.90741	0.79167
0.91797	0.93333	0.90625
0.85185	0.86364	0.92500
0.83908	0.86997	0.67500
0.91349	0.94105	0.77778
0.90260	0.91597	0.91429
0.89383	0.89706	0.83333
0.90747	0.94000	0.70833
0.91815	0.92895	0.87500
0.87755	0.90882	0.68750
0.93109	0.94792	0.76923
0.86462	0.93824	0.66667
0.97101	0.98333	0.83333
0.90580	0.91912	0.83673
0.86943	0.92647	0.46429
0.87883	0.89565	0.80000
0.89113	0.91250	0.47727
0.92190	0.94063	0.84000
0.94581	0.95141	1.00000
0.89655	0.88802	0.91429
0.88824	0.93478	0.68182
0.89328	0.88889	0.96429
0.87478	0.90351	0.65385
0.88292	0.89474	0.89062
0.88783	0.94709	0.73810
0.86364	0.85965	0.88333
0.91182	0.95882	0.64286
0.92166	0.92000	1.00000
0.90555	0.93947	0.86111
0.81378	0.82620	0.78788
0.86724	0.86957	0.94444
0.91465	0.95724	0.86364
0.85732	0.89141	0.73611
0.85407	0.88603	0.77143
0.92222	0.94898	0.82540
0.93109	0.95000	0.75000
0.87698	0.88889	0.85714
0.90883	0.94211	0.72917
0.84615	0.86905	0.72727
0.94129	0.98148	0.76190
0.88021	0.89197	0.84000
0.92023	0.96599	0.80556
0.87518	0.89130	0.85000
0.93391	0.98611	0.70455
0.93367	0.95779	0.90476
0.86143	0.88636	0.80000
0.86519	0.88613	0.75000
0.88593	0.91875	0.76364
0.89783	0.91146	0.80000
0.90486	0.92381	0.85455
0.81959	0.87115	0.77381
0.90132	0.89461	0.87500
0.93141	0.94643	0.94444
0.86364	0.85829	0.95000
0.90293	0.95873	0.70000
0.85598	0.91156	0.45833
0.92143	0.97009	0.80000
0.84127	0.86957	0.77083
0.92196	0.93333	0.81250
0.90803	0.92143	0.80000
0.83826	0.88770	0.27778
0.95926	0.98133	0.80000
0.85569	0.89377	0.78333
0.88889	0.92051	0.72222
0.87000	0.87566	0.83673
0.91594	0.93827	0.86667
0.82609	0.85526	0.75000
0.90261	0.91830	0.87500
0.87192	0.92692	0.86719
0.94923	0.95187	0.92593
0.84074	0.87727	0.68000
0.88992	0.87799	0.90000
0.90353	0.95503	0.60000
0.89429	0.90402	0.77273
0.88963	0.88352	0.85714
0.84014	0.87059	0.77273
0.88799	0.91322	0.80303
0.81109	0.87222	0.51111
0.84432	0.87013	0.78571
0.86156	0.88406	0.72917
0.86008	0.89524	0.59524
0.81400	0.84000	0.64000
0.88796	0.88684	0.85714
0.88826	0.90794	0.66667
0.89136	0.88696	0.92500
0.90000	0.92935	0.80000
0.88988	0.91270	0.88095
0.93952	0.96742	0.90000
0.90323	0.90374	0.95556
0.85059	0.88624	0.80000
0.87846	0.91176	0.70312
0.85957	0.90741	0.73611
0.88068	0.90602	0.72500
0.86042	0.88889	0.55556
0.91621	0.92381	0.88095
0.92800	0.94848	0.93333
0.88319	0.91534	0.71111
0.94087	0.95556	0.92000
0.89444	0.87500	1.00000
0.84339	0.88500	0.65625
0.87590	0.86970	0.90909
0.89223	0.92593	0.80952
0.94918	0.96307	0.95000
0.91346	0.94940	0.77500
0.95172	0.96000	0.91667
0.94153	0.94192	0.91429
0.89596	0.91162	0.70000
0.88414	0.92424	0.57143
0.89533	0.89141	0.96000
0.92522	0.91471	0.95833
0.89286	0.88889	0.95556
0.88258	0.92250	0.75926
0.85355	0.91518	0.62857
0.88936	0.89636	0.86538
0.89379	0.93720	0.66667
0.82742	0.87338	0.64815
0.86536	0.88787	0.81250
0.91465	0.96732	0.68000
0.90062	0.96181	0.61905
0.85938	0.89737	0.79487
0.84000	0.88889	0.69841
0.86957	0.93927	0.52273
0.86310	0.87111	0.77778
0.89167	0.92982	0.63889
0.82988	0.83939	0.81818
0.85696	0.88235	0.70000
0.88988	0.91148	0.83333
0.92296	0.92434	0.95833
0.91111	0.93818	0.81250
0.87685	0.90909	0.82143
0.95972	0.99219	0.83929
0.79615	0.80469	0.77500
0.88727	0.92340	0.63333
0.84615	0.86981	0.74286
0.86088	0.91597	0.61667
0.90125	0.92698	0.78571
0.86333	0.85882	0.90625
0.88381	0.87353	1.00000
0.88889	0.88330	0.97222
0.89692	0.95724	0.73016
0.89660	0.89211	1.00000
0.85556	0.91003	0.46667
0.87667	0.91228	0.68571
0.88054	0.92381	0.76190
0.89481	0.92760	0.25000
0.89760	0.97744	0.57576
0.85255	0.85667	0.83333
0.91425	0.93233	0.93333
0.86739	0.91176	0.76190
0.89571	0.89245	0.90000
0.85676	0.86508	0.83636
0.90476	0.94608	0.75000
0.85714	0.90152	0.60000
0.89799	0.92641	0.75000
0.83826	0.84539	0.75000
0.85333	0.90374	0.66667
0.90535	0.93734	0.87500
0.81333	0.82407	0.71429
0.90523	0.93561	0.81429
0.90000	0.89524	0.83333
0.87652	0.95417	0.60606
0.84462	0.86032	0.86000
0.86413	0.86054	0.85000
0.86957	0.87582	0.87879
0.91585	0.92583	1.00000
0.83766	0.85556	0.71875
0.94194	0.95588	0.75758
0.88143	0.91228	0.80000
0.83601	0.86622	0.80000
0.91207	0.90119	0.85185
0.90519	0.92857	0.80556
0.91420	0.95141	0.74074
0.93457	0.95175	0.89583
0.84454	0.89489	0.66667
0.86111	0.85870	0.81250
0.86250	0.85662	0.81818
0.89583	0.89841	0.88889
0.87111	0.87970	0.91667
0.89319	0.94720	0.63636
0.95971	1.00000	0.71667
0.84318	0.85294	0.94444
0.92985	0.94737	0.80000
0.86343	0.89583	0.79167
0.90476	0.94940	0.62857
0.92089	0.96667	0.88462
0.83618	0.87368	0.66667
0.85582	0.85673	0.87654
0.83554	0.86981	0.81429
0.91005	0.92584	0.90000
0.85585	0.88492	0.73750
0.92995	0.97321	0.81429
0.91568	0.92997	0.97778
0.88665	0.90850	0.81818
0.86774	0.94318	0.44444
0.95068	0.95489	1.00000
0.87069	0.91447	0.87500
0.83586	0.84412	0.83333
0.92977	0.93651	1.00000
0.84545	0.87500	0.73333
0.89692	0.93237	0.71429
0.84923	0.92222	0.79221
0.85771	0.90598	0.71111
0.82949	0.89120	0.58333
0.90385	0.95556	0.67857
0.89435	0.95356	0.80000
0.88828	0.87895	0.84000
0.88788	0.86561	0.94805
0.77419	0.86250	0.56566
0.89935	0.89952	0.83333
0.86571	0.87500	0.87500
0.88846	0.95000	0.70833
0.92000	0.96154	0.84524
0.88133	0.92000	0.57500
0.87268	0.89181	0.83117
0.87500	0.87414	0.93333
0.86396	0.88558	0.71875
0.89969	0.92157	0.74545
0.91850	0.91250	1.00000
0.89596	0.93210	0.72000
0.89050	0.89167	0.88095
0.87069	0.89667	0.86420
0.87931	0.87812	0.92593
0.89310	0.93750	0.84091
0.85957	0.93464	0.63333
0.89560	0.91364	0.80556
0.97884	0.98824	0.92857
0.78086	0.82707	0.45833
0.90596	0.95357	0.65278
0.84480	0.83737	0.72500
0.91143	0.89062	1.00000
0.86087	0.86275	0.93333
0.91615	0.96944	0.56667
0.88911	0.90909	0.88333
0.88209	0.88562	1.00000
0.91304	0.95726	0.85000
0.94828	0.96190	0.94643
0.91071	0.92857	0.87500
0.93144	0.94180	0.88000
0.87578	0.89145	0.87500
0.90451	0.93254	0.92000
0.87689	0.89610	0.81818
0.90431	0.94771	0.78182
0.87205	0.89636	0.66667
0.86455	0.91544	0.78333
0.88667	0.91304	0.80952
0.86634	0.92157	0.61111
0.88517	0.89916	1.00000
0.87138	0.90877	0.72500
0.88038	0.91111	0.86111
0.94400	0.96429	1.00000
0.85597	0.89683	0.62963
0.79658	0.82807	0.69444
0.83111	0.86166	0.71429
0.94430	0.97712	0.86458
0.93664	0.96970	0.84091
0.85857	0.89116	0.79221
0.86034	0.87708	0.70370
0.88841	0.90833	0.66667
0.91143	0.94286	0.87500
0.89236	0.95356	0.54286
0.91935	0.93623	0.92500
0.86061	0.85829	0.96970
0.89540	0.89783	0.93651
0.92593	0.96405	0.79798
0.87415	0.87576	0.86111
0.90747	0.93233	0.66667
0.92148	0.93734	0.75000
0.88445	0.90500	0.89286
0.88245	0.87535	1.00000
0.86364	0.87535	0.90909
0.86420	0.90341	0.68889
0.92593	0.96894	0.77083
0.89600	0.92231	0.75926
0.87069	0.91319	0.80769
0.89645	0.88624	0.95000
0.85696	0.86500	0.84127
0.90303	0.91964	0.87037
0.85522	0.90476	0.58333
0.84790	0.88194	0.75000
0.91667	0.92778	1.00000
0.88254	0.91071	0.76190
0.89744	0.95614	0.82540
0.88214	0.92188	0.81250
0.88571	0.89258	0.86667
0.90873	0.93254	0.88095
0.84007	0.86704	0.62500
0.92308	0.92941	0.86111
0.85692	0.92424	0.70000
0.89600	0.91176	0.89583
0.90240	0.93056	0.82857
0.94048	0.96561	0.78571
0.90806	0.95000	0.81818
0.86765	0.91063	0.81818
0.88594	0.92063	0.67500
0.90256	0.89796	0.97778
0.87867	0.90000	0.70000
0.87556	0.90643	0.78000
0.87124	0.92857	0.55556
0.92411	0.95556	0.93750
0.83844	0.89020	0.57692
0.86071	0.88776	0.80000
0.94857	0.95486	0.88571
0.89655	0.96635	0.76923
0.94335	0.95059	0.86111
0.86801	0.89572	0.75000
0.87460	0.90606	0.77083
0.92522	0.95588	0.80000
0.88479	0.91515	0.83333
0.87273	0.93056	0.51111
0.77574	0.83158	0.43750
0.92180	0.94565	0.80556
0.85870	0.89683	0.72727
0.83478	0.85319	0.70833
0.81090	0.84775	0.68254
0.85965	0.86296	0.81250
0.90097	0.91022	0.82222
0.81065	0.82500	0.76667
0.85256	0.90980	0.67532
0.90972	0.91667	0.88776
0.82477	0.85905	0.50000
0.87458	0.92857	0.70833
0.88636	0.90058	0.75000
0.82764	0.90351	0.54688
0.92455	0.94211	0.87500
0.83467	0.88889	0.75000
0.90667	0.90417	0.95556
0.86581	0.93640	0.47619
0.88393	0.89667	0.90000
0.93720	0.93750	0.91429
0.92628	0.96711	0.72000
0.87831	0.91176	0.67500
0.91204	0.94444	0.75000
0.84414	0.85600	0.94444
0.90087	0.95486	0.73469
0.88424	0.93350	0.74242
0.82540	0.80992	0.90476
0.93056	0.94958	0.76923
0.86094	0.88125	0.81250
0.88462	0.89724	0.84000
0.88000	0.94771	0.67532
0.80345	0.80294	0.70370
0.87111	0.85079	0.87500
0.90333	0.97039	0.68889
0.82473	0.84706	0.75000
0.91693	0.91228	0.92500
0.91014	0.92583	0.80952
0.91941	0.94792	0.70000
0.86025	0.91636	0.65625
0.88571	0.88485	0.93333
0.91813	0.95000	0.85714
0.92572	0.97863	0.78333
0.92088	0.95238	0.86667
0.93369	0.96411	0.91837
0.86706	0.90625	0.66667
0.94136	0.95714	0.83333
0.86632	0.85069	0.95833
0.87440	0.90312	0.83673
0.90489	0.95489	0.56818
0.87097	0.90196	0.82000
0.83761	0.84804	0.51852
0.93269	0.95109	0.58333
0.88393	0.89687	0.85000
0.89489	0.90642	0.96000
0.82121	0.85588	0.68000
0.85380	0.87719	0.65625
0.96635	0.98750	0.77500
0.90747	0.91690	0.66667
0.82124	0.84750	0.68182
0.89206	0.92424	0.72500
0.82341	0.82353	0.75000
0.91492	0.96606	0.74603
0.88018	0.90476	0.76667
0.91947	0.92760	0.92593
0.90065	0.94583	0.54286
0.93867	0.98864	0.70833
0.85500	0.89474	0.70455
0.91533	0.96889	0.65625
0.87030	0.90370	0.72500
0.91806	0.95250	0.70000
0.86069	0.87755	0.68750
0.90375	0.92120	0.88889
0.88056	0.89474	0.92727
0.87143	0.91033	0.82222
0.84013	0.88889	0.55000
0.88431	0.89000	0.90000
0.91270	0.93333	0.85714
0.87003	0.91228	0.79091
0.82213	0.87059	0.66667
0.91379	0.89714	1.00000
0.85088	0.88571	0.68889
0.94000	0.96639	0.85417
0.85905	0.84539	1.00000
0.88138	0.88889	0.91667
0.82343	0.89273	0.62222
0.81197	0.84722	0.68519
0.88400	0.93403	0.44444
0.86864	0.91471	0.69444
0.87500	0.88571	0.77778
0.84722	0.87368	0.82222
0.85714	0.84848	0.95238
0.84375	0.92208	0.52273
0.89464	0.93878	0.84524
0.90000	0.94118	0.55556
0.92391	0.91641	0.95455
0.86466	0.86932	0.80000
0.81515	0.81579	0.86111
0.85877	0.89145	0.79630
0.93519	0.96471	0.86250
0.86657	0.87681	0.84375
0.81627	0.85315	0.78889
0.88811	0.89145	0.88095
0.90340	0.93077	0.72222
0.87083	0.88603	0.92857
0.93056	0.96333	0.66667
0.90057	0.90774	0.86364
0.88696	0.88972	1.00000
0.87381	0.90000	0.70000
0.90341	0.94314	0.73333
0.89280	0.92798	0.72222
0.93849	0.98333	0.83333
0.85908	0.89965	0.64286
0.91975	0.93571	0.87500
0.85290	0.92246	0.62500
0.86923	0.91667	0.73810
0.87846	0.92570	0.66667
0.95102	0.99167	0.78022
0.89012	0.90618	0.84091
0.90545	0.99231	0.75556
0.86878	0.89630	0.87500
0.86667	0.88158	0.85000
0.84890	0.91667	0.52381
0.90596	0.92246	0.82857
0.90143	0.94753	0.81429
0.91458	0.95221	0.79167
0.92857	0.93750	0.89286
0.86963	0.90833	0.62222
0.85870	0.90657	0.66667
0.87654	0.87784	0.78182
0.88425	0.95556	0.42857
0.87077	0.87785	0.83333
0.94533	0.96691	0.93182
0.87681	0.88235	0.80556
0.92456	0.93409	0.91667
0.90513	0.91422	0.70370
0.96057	0.98381	0.90000
0.92500	0.95937	0.82500
0.90278	0.92484	0.80952
0.86667	0.85449	0.92500
0.93914	0.96491	0.86538
0.92429	0.93810	0.87500
0.86445	0.88735	0.66667
0.98746	0.99624	1.00000
0.88368	0.90132	0.80000
0.92560	0.93498	0.85455
0.91319	0.96581	0.83333
0.90306	0.94010	0.65000
0.91667	0.94755	1.00000
0.89677	0.92333	0.87273
0.87302	0.89688	0.90000
0.95733	0.97059	0.90625
0.89487	0.91739	0.80000
0.89533	0.89474	0.88889
0.92063	0.93333	0.77778
0.90972	0.95312	0.81250
0.85348	0.86851	0.88889
0.92754	0.92734	0.95833
0.94364	0.98519	0.72500
0.91925	0.96491	0.77778
0.94609	0.97214	0.77778
0.88571	0.90761	0.80000
0.93548	0.94091	0.91667
0.86775	0.91000	0.66667
0.92308	0.95066	0.80000
0.93452	0.98333	0.80247
0.92738	0.97632	0.73333
0.92170	0.93056	0.85000
0.86957	0.92982	0.84286
0.92081	0.93961	0.88000
0.90404	0.90891	0.93333
0.92262	0.96753	0.71429
0.87363	0.92157	0.55000
0.86667	0.91641	0.71429
0.87121	0.94333	0.62857
0.94318	0.96078	0.82500
0.95489	0.98333	0.87500
0.89060	0.91515	0.87500
0.88580	0.92517	0.81667
0.86207	0.93439	0.41667
0.94333	0.95556	0.89286
0.94470	0.96561	0.83333
0.90230	0.89167	0.75556
0.85117	0.85294	0.91111
0.86923	0.91579	0.74242
0.87268	0.85931	0.96875
0.85143	0.85662	0.80556
0.91667	0.92246	0.90476
0.84052	0.88406	0.66667
0.89062	0.96296	0.57143
0.91827	0.95370	0.85417
0.85375	0.88462	0.78333
0.80966	0.84792	1.00000
0.84242	0.88636	0.58182
0.93730	0.97784	0.76667
0.89226	0.94361	0.71429
0.90000	0.97037	0.57500
0.87870	0.90618	0.76190
0.79692	0.84314	0.64773
0.91296	0.97569	0.20000
0.88424	0.90523	0.78333
0.93509	0.94815	0.93750
0.83974	0.86835	0.65714
0.88772	0.91498	0.75758
0.89466	0.92778	0.79630
0.93385	0.93529	0.88889
0.92522	0.98901	0.57500
0.92177	0.94558	0.83673
0.91137	0.94156	0.75000
0.87351	0.92105	0.72000
0.90167	0.92361	0.81481
0.92286	0.95489	0.69444
0.88018	0.88995	1.00000
0.91453	0.96296	0.75556
0.93531	0.93210	0.96875
0.90429	0.92308	0.81481
0.87000	0.89091	0.82000
0.88462	0.94872	0.75758
0.78595	0.87083	0.56250
0.86951	0.89164	0.72727
0.91954	0.89402	0.69231
0.82298	0.82633	0.77273
0.89177	0.89674	0.92000
0.91146	0.92063	0.91667
0.84211	0.88971	0.81818
0.90549	0.93478	0.81481
0.84402	0.88034	0.72500
0.90923	0.92570	0.80000
0.88278	0.91875	0.60000
0.91910	0.95625	0.63333
0.95407	0.93838	0.95000
0.91138	0.91270	0.90000
0.90714	0.93889	0.80000
0.86290	0.85069	0.88462
0.88095	0.89583	0.83929
0.89714	0.91228	0.79167
0.93210	0.94498	0.87500
0.91738	0.97368	0.60317
0.95238	0.97426	0.84444
0.87478	0.88920	0.79167
0.85440	0.88972	0.75556
0.98873	0.99723	0.93750
0.96500	0.97500	0.93333
0.97302	0.96784	0.93939
0.89969	0.92262	0.72917
0.83929	0.92734	0.54545
0.87596	0.88254	0.88462
0.87993	0.91228	0.90385
0.86914	0.89474	0.56250
0.88075	0.89825	0.91429
0.87385	0.93808	0.58929
0.93408	0.93541	0.94444
0.84154	0.90212	0.54286
0.86833	0.91852	0.77778
0.89943	0.90643	0.92727
0.89271	0.93810	0.61818
0.94958	0.96939	0.71429
0.89205	0.90588	0.82222
