85
80
83
82
70
82
77
82
78
85
93
82
82
81
83
91
84
84
90
82
85
83
82
86
84
87
92
83
85
87
87
91
86
79
81
85
84
88
87
81
83
86
76
87
87
88
82
85
88
87
80
93
83
80
84
87
88
85
84
90
86
87
86
80
82
90
85
85
90
80
89
90
80
88
86
81
84
87
82
90
85
83
90
84
89
89
85
79
87
90
81
89
86
91
87
78
85
79
78
87
85
84
83
84
84
84
82
89
88
85
87
83
80
84
88
85
85
83
92
80
83
84
80
88
84
85
84
80
82
83
79
81
85
82
84
83
82
82
82
92
88
82
89
78
83
79
88
88
82
91
80
81
91
85
85
85
83
85
87
81
86
87
91
74
83
88
87
83
85
82
80
90
81
85
85
87
93
83
82
79
81
89
83
84
89
85
79
83
87
77
89
82
83
82
82
89
83
80
88
86
84
87
83
85
83
80
79
88
88
86
86
87
88
91
88
84
83
84
84
84
87
84
82
91
78
86
86
88
84
81
78
81
82
76
88
86
87
89
83
82
88
84
89
89
88
78
88
79
85
84
85
87
86
79
85
83
86
80
92
86
79
75
81
79
88
78
84
84
79
88
78
79
84
86
87
87
75
89
88
80
86
77
76
89
87
85
84
84
84
81
87
90
83
86
86
84
84
85
82
81
85
87
88
88
83
88
91
84
83
88
82
86
84
83
81
81
89
87
87
84
87
84
86
86
91
88
80
79
82
91
82
87
79
86
85
82
83
85
88
87
86
91
84
92
86
88
83
85
85
83
82
90
74
80
82
87
85
79
88
86
83
86
91
92
91
86
79
92
83
84
88
87
85
83
83
89
90
86
81
75
85
82
76
79
85
87
86
84
79
84
88
81
89
81
79
84
86
89
86
83
85
87
81
83
84
89
83
85
90
90
80
86
83
79
90
84
89
84
92
85
86
83
75
84
86
81
81
80
84
86
79
78
82
92
80
77
90
79
85
86
81
84
85
84
78
81
86
88
83
79
82
91
88
85
88
85
80
73
85
78
82
89
88
88
83
90
89
82
88
79
82
84
82
83
89
79
82
76
82
87
82
84
82
87
86
81
80
79
80
90
79
89
87
84
86
80
81
83
85
87
90
78
83
89
86
84
85
90
90
84
89
81
90
82
75
89
87
83
80
80
76
89
88
85
83
81
88
83
82
85
83
90
91
81
88
86
82
82
91
83
85
85
83
80
83
85
85
84
79
84
86
87
82
87
82
85
84
88
81
84
86
84
83
87
87
82
79
81
78
94
84
87
91
88
84
90
87
83
83
88
87
85
74
86
89
79
90
79
87
80
86
85
89
85
81
85
77
79
88
81
87
83
90
83
85
83
83
85
84
87
81
80
84
78
87
82
91
88
93
77
86
86
86
79
82
85
85
78
89
77
80
84
83
74
86
82
88
81
89
83
86
81
83
80
84
88
93
85
82
86
84
85
80
80
84
86
77
90
88
88
82
93
82
81
89
87
84
89
92
86
85
88
77
83
87
91
86
74
85
75
87
81
86
89
86
83
88
82
82
88
89
89
83
83
78
83
77
86
87
84
85
76
90
80
79
85
83
87
81
78
84
85
84
86
89
85
83
86
84
88
91
83
82
80
93
90
85
85
82
77
83
86
81
82
87
88
91
79
85
82
81
81
88
81
88
84
86
83
76
87
85
78
86
87
80
84
88
87
77
82
83
85
84
81
80
87
82
89
83
78
86
92
82
84
74
84
78
87
81
84
88
82
89
83
87
88
86
83
83
79
90
79
82
79
85
85
82
86
87
91
88
86
85
87
84
87
86
87
84
79
87
75
92
83
81
78
88
73
86
84
83
83
84
88
81
86
91
85
83
79
89
84
86
90
77
84
87
82
85
81
89
81
82
81
84
82
86
83
92
85
86
86
80
79
83
83
77
85
83
86
82
86
89
88
86
81
84
86
85
81
87
87
82
85
86
83
84
88
85
82
86
83
87
87
78
83
88
88
82
85
82
85
86
82
80
88
86
83
91
84
90
82
91
75
80
87
78
85
86
87
88
82
86
87
91
81
81
88
80
76
77
84
82
86
86
90
82
88
87
84
89
81
83
90
85
83
80
81
81
83
84
84
87
84
76
88
89
87
86
87
85
86
86
85
85
88
88
85
80
87
87
89
89
78
86
87
93
90
83
83
75
84
84
89
86
86
89
83
84
86
85
91
84
84
84
81
78
88
81
83
86
85
80
89
85
91
82
78
90
84
