75
80
79
93
73
77
72
90
83
87
91
81
77
70
85
101
84
93
86
74
81
92
85
87
78
81
99
86
84
86
89
92
95
84
84
72
86
90
82
86
94
83
84
90
88
82
91
95
81
82
87
100
86
80
96
86
103
88
88
92
91
88
95
83
84
93
79
94
90
75
101
97
90
101
81
78
90
84
86
99
90
91
91
87
85
94
84
83
90
92
83
88
80
98
89
83
82
89
67
92
86
77
82
91
85
92
86
101
93
84
98
84
78
81
82
85
82
83
99
78
85
74
90
85
80
92
90
86
77
77
75
94
86
81
77
82
83
73
79
95
98
82
97
81
83
86
96
87
81
94
82
77
95
81
95
94
88
79
95
82
90
92
96
72
86
93
94
89
80
85
76
96
83
91
83
91
87
88
77
80
93
91
82
91
91
95
78
77
93
79
92
94
90
78
90
87
87
77
85
81
75
80
82
80
92
72
87
83
90
86
81
98
86
93
97
97
79
88
77
97
90
78
80
99
92
99
95
85
83
86
87
78
82
66
86
86
93
92
82
90
87
88
92
94
85
90
93
71
84
88
88
87
90
81
91
83
93
72
91
75
85
82
71
73
94
83
83
83
92
92
84
97
91
81
89
92
78
93
85
74
93
75
69
96
88
87
79
82
77
84
98
91
85
86
83
85
89
91
83
76
72
90
98
89
81
96
97
86
82
92
80
91
87
94
74
90
93
91
91
90
93
78
86
89
84
90
78
73
82
98
82
96
79
84
90
88
91
91
92
98
91
92
87
100
92
95
89
90
82
82
82
98
69
89
84
93
93
88
86
81
89
91
105
89
86
88
84
100
85
89
91
87
88
75
94
85
100
100
71
88
88
93
78
76
92
89
92
87
81
92
87
89
94
89
82
90
92
89
83
85
90
87
88
83
80
92
90
90
94
89
77
94
86
67
90
79
93
92
95
94
91
80
81
78
83
78
85
88
78
83
82
78
85
91
73
76
101
90
82
95
74
90
84
85
83
94
69
91
84
92
84
92
91
80
90
82
87
71
81
66
86
92
81
91
84
92
89
86
100
76
89
73
89
72
94
80
83
73
97
94
87
74
70
84
92
97
82
85
88
103
83
94
94
91
105
87
82
93
77
84
86
83
89
91
83
85
91
90
97
82
89
83
93
91
72
94
93
82
88
74
89
87
87
81
82
89
97
89
70
92
81
98
98
81
97
76
88
77
94
88
80
92
82
85
96
87
73
81
78
93
82
93
83
97
75
89
75
87
90
75
81
78
87
84
90
76
91
71
74
88
76
88
89
91
87
94
92
91
80
98
83
92
90
90
102
91
92
72
74
94
82
82
85
88
90
77
84
72
93
83
81
92
100
84
88
83
77
86
95
85
90
77
76
77
91
82
92
94
96
93
95
88
86
77
81
81
90
84
89
82
83
78
84
95
89
73
84
76
88
82
90
70
81
78
84
97
101
80
76
89
88
77
76
79
82
90
90
93
91
87
71
94
85
93
96
93
78
91
96
95
87
91
85
77
101
97
89
74
96
79
89
90
89
90
89
87
82
75
89
101
99
92
84
81
70
82
87
87
90
82
80
90
85
86
83
80
79
87
76
78
81
86
85
88
94
80
89
93
92
95
84
87
90
73
90
93
81
80
64
84
78
92
94
88
93
88
91
80
93
86
84
81
91
81
95
88
90
85
79
88
80
83
89
82
85
71
87
92
84
76
83
89
89
93
73
89
80
84
79
75
90
95
89
94
77
82
90
87
81
83
95
91
87
76
79
92
91
96
85
80
91
85
75
81
83
91
81
82
83
98
80
88
90
89
85
86
81
92
86
84
91
84
92
88
78
76
86
76
78
92
90
84
83
96
71
80
97
97
90
86
98
77
81
91
87
74
86
80
81
82
94
83
79
85
83
83
78
88
85
78
93
85
74
69
90
81
76
88
76
84
75
75
94
84
85
89
84
87
75
78
87
81
83
83
91
85
77
82
79
80
98
84
100
90
81
84
102
91
80
90
78
86
82
74
81
88
88
71
90
84
95
83
94
73
79
87
72
79
77
93
94
78
90
95
93
82
87
92
82
78
83
82
88
79
85
90
68
81
97
100
89
77
91
96
94
82
96
88
90
93
82
86
84
79
67
97
94
93
82
90
82
84
99
91
80
89
90
90
75
90
87
84
103
84
85
82
87
91
85
82
78
96
94
92
78
89
94
87
79
88
85
86
93
91
81
87
83
82
81
87
86
90
86
98
88
103
87
65
88
85
