138
135
139
135
130
138
141
143
136
134
140
138
133
133
133
151
145
140
140
138
144
142
138
137
137
137
144
139
135
137
145
147
142
136
138
133
141
140
135
141
140
144
136
139
138
142
138
145
140
136
142
147
142
137
146
141
146
141
141
141
143
146
143
138
140
141
142
152
139
137
145
148
144
143
136
133
138
143
135
144
138
139
147
136
139
142
140
136
143
138
132
140
136
148
143
137
140
139
132
141
140
137
142
136
136
141
138
149
142
141
145
138
132
136
140
137
134
135
147
136
140
136
143
142
137
143
135
142
141
139
135
133
138
144
135
143
135
136
135
148
147
140
147
140
135
136
144
141
140
144
135
134
146
134
144
144
140
141
144
137
141
142
147
139
145
142
146
140
141
140
135
144
135
140
135
143
146
140
137
135
143
145
132
144
143
139
140
138
146
135
146
141
137
138
144
140
139
132
149
135
135
143
133
144
147
132
136
140
144
142
137
142
143
143
146
148
134
141
132
144
143
138
135
146
139
135
140
141
131
135
143
141
139
127
144
140
146
145
135
140
143
142
147
147
138
139
145
136
136
143
145
146
139
138
142
138
141
128
151
143
140
139
133
128
145
135
134
139
143
138
136
137
144
139
141
142
141
141
146
128
137
134
136
143
142
146
140
134
137
141
143
142
145
141
138
144
142
145
139
141
136
146
144
143
133
141
146
141
137
145
135
141
143
144
131
141
145
142
145
138
141
137
141
142
143
142
136
135
142
151
136
144
132
138
140
142
136
135
142
140
141
147
142
147
137
145
145
138
138
137
138
143
135
143
136
153
147
140
145
144
139
152
147
143
146
136
134
147
143
143
147
143
140
135
141
142
145
138
135
136
137
141
136
134
142
140
145
142
134
142
137
139
142
135
138
142
138
143
142
135
145
137
138
134
135
142
141
141
141
149
139
141
139
138
145
140
144
145
151
142
139
131
136
134
139
133
138
141
139
139
138
135
139
144
134
129
142
142
140
147
139
139
141
139
134
145
139
142
144
146
138
145
148
141
136
144
139
138
137
133
142
140
144
139
144
150
143
137
147
144
139
138
138
133
145
135
140
135
142
146
140
139
135
142
144
145
137
139
137
145
139
145
144
142
144
139
136
144
138
142
139
138
140
140
136
141
140
146
145
135
141
137
149
138
124
145
139
139
139
135
140
139
142
137
138
141
145
137
131
144
142
153
154
136
144
134
139
132
146
136
137
139
140
141
140
143
139
138
136
146
139
145
146
151
132
144
133
146
139
135
140
142
137
141
144
138
142
135
131
146
140
142
147
143
142
148
143
143
137
145
143
141
143
143
148
141
142
135
135
141
136
138
137
141
148
137
141
133
143
135
138
136
147
144
139
138
134
139
142
139
139
133
134
133
143
134
147
142
147
141
136
138
136
130
134
141
144
143
141
135
143
136
137
141
141
134
138
133
143
134
145
135
134
135
145
146
147
135
130
139
138
143
137
138
140
143
143
145
139
143
137
145
136
141
145
139
139
140
147
144
137
141
133
135
148
147
140
134
141
134
143
139
138
145
140
139
140
130
140
147
144
148
142
141
137
142
138
138
139
139
140
137
143
138
135
141
136
139
136
142
135
142
143
138
140
133
139
148
141
142
143
137
141
141
148
137
139
139
132
137
132
141
143
142
142
139
148
134
138
140
141
137
140
131
145
142
140
139
135
138
139
133
143
139
143
135
140
140
143
138
140
145
145
145
132
138
136
142
137
128
139
146
143
143
140
141
140
140
139
139
143
140
142
134
138
144
140
143
134
137
143
140
135
132
136
138
135
141
144
145
143
140
137
138
139
138
136
142
143
135
147
140
146
139
135
131
142
132
137
140
144
135
143
141
133
142
145
144
143
138
147
134
135
146
134
134
141
143
142
133
143
137
137
132
138
141
140
140
145
137
147
143
128
135
146
136
136
140
138
140
135
137
148
139
138
140
139
139
137
139
139
141
138
140
140
141
134
135
136
138
145
135
145
139
136
139
143
142
140
139
141
132
136
137
129
136
146
135
143
141
141
134
143
129
133
144
133
142
136
144
143
138
146
146
141
137
139
145
133
139
133
140
139
137
139
143
131
134
140
148
140
135
143
148
143
135
144
145
141
140
139
134
141
131
131
147
144
141
142
144
139
138
141
139
133
144
145
138
132
134
141
143
145
140
141
141
142
139
136
139
134
145
139
141
132
143
141
139
136
134
140
147
148
143
136
136
137
142
134
139
145
141
133
146
136
143
144
130
147
136
