30
40
36
55
37
35
30
50
43
49
50
37
38
28
48
58
42
54
42
31
39
52
42
47
40
39
58
43
46
46
46
49
53
45
44
29
45
51
42
45
54
39
45
52
47
40
52
54
38
41
45
56
45
38
53
42
65
44
46
51
50
49
55
42
44
54
35
48
48
35
60
54
49
62
39
40
50
39
46
57
48
52
47
46
43
52
45
45
49
50
44
47
38
57
47
44
40
48
28
50
45
36
40
53
44
53
47
58
53
42
56
43
37
42
41
45
43
43
57
39
43
32
48
43
39
50
50
45
33
35
37
59
46
36
36
40
43
32
40
51
57
39
53
39
43
46
56
45
39
53
41
38
52
42
55
53
51
36
54
41
48
51
53
32
45
51
52
49
36
44
34
54
45
52
42
47
41
48
37
40
52
49
43
51
49
54
38
35
52
39
50
53
51
37
47
43
48
37
41
40
34
34
44
36
48
33
50
40
48
43
41
56
43
52
57
54
38
46
35
58
48
36
40
56
56
63
55
42
46
48
44
37
42
27
44
46
50
49
42
50
43
45
51
50
44
53
55
28
44
47
45
42
52
38
49
42
51
33
43
33
47
41
34
36
50
43
43
41
51
51
43
59
50
38
47
52
38
51
41
36
55
40
31
57
48
46
38
43
36
42
57
50
40
44
43
39
48
49
43
33
32
47
60
47
41
57
54
45
45
46
40
50
46
53
32
49
49
51
49
49
54
37
46
46
39
48
38
33
39
52
42
56
40
41
49
47
52
53
50
59
50
47
46
58
54
52
47
51
40
42
43
58
27
47
46
50
50
46
41
37
48
46
64
45
41
49
46
59
42
48
51
45
48
36
52
42
58
63
31
50
48
51
37
37
49
46
48
44
44
51
47
50
54
48
43
49
53
48
41
44
49
46
48
45
39
48
50
52
54
43
38
53
44
25
46
37
48
49
53
52
49
43
42
38
40
39
45
49
36
44
44
38
45
49
33
39
62
49
39
51
31
50
42
42
45
51
27
49
45
52
46
49
48
36
53
40
47
32
39
26
46
51
39
52
42
47
47
46
59
34
52
33
49
32
51
39
42
31
59
50
45
32
29
40
49
57
44
44
51
65
44
54
53
49
68
50
40
52
35
40
44
42
48
51
41
43
51
46
55
42
47
45
48
53
37
54
52
42
48
34
50
47
44
38
41
48
56
49
31
48
42
54
50
42
56
33
46
37
53
53
39
52
39
45
58
45
30
40
37
51
41
50
41
52
37
48
33
46
54
35
41
37
46
41
48
33
50
30
38
43
34
46
44
50
46
50
50
50
43
55
40
51
50
49
62
52
50
33
34
55
43
41
43
45
46
34
45
34
52
46
39
53
57
43
48
43
37
45
56
44
50
38
33
42
50
44
46
54
54
56
55
48
44
37
43
40
49
42
48
43
40
35
42
57
49
32
43
36
46
40
50
29
41
38
41
54
60
38
36
48
48
31
34
38
40
47
48
50
52
45
28
50
43
54
53
53
36
50
56
53
45
48
49
34
60
54
50
35
58
41
48
49
49
48
49
48
40
39
49
59
60
46
44
37
31
40
48
46
48
41
37
54
42
48
43
36
38
46
36
39
42
45
44
49
56
40
51
53
50
53
41
46
49
32
45
54
40
37
20
47
37
54
55
45
54
46
47
39
53
46
45
43
49
44
54
49
49
44
40
46
37
44
50
40
45
31
43
51
43
31
40
45
49
53
34
49
43
38
40
35
49
53
47
54
37
39
49
49
39
42
54
50
43
36
36
51
50
55
45
40
48
44
33
44
43
51
44
40
38
57
37
47
51
50
45
45
39
48
43
45
46
46
49
47
38
37
44
39
36
55
49
45
42
53
31
39
57
57
50
46
57
38
38
48
49
33
42
36
41
45
52
42
40
46
41
42
33
47
40
37
51
44
35
26
48
41
36
47
34
45
34
32
50
41
47
49
43
49
35
38
46
36
43
41
52
41
37
42
38
40
57
44
59
49
42
44
62
48
38
52
38
45
41
31
47
47
44
32
49
43
53
43
52
36
39
44
35
38
37
52
55
35
48
53
50
39
49
48
42
36
45
41
48
39
42
45
29
40
59
58
47
36
52
54
53
43
57
47
49
54
42
48
43
41
29
56
51
52
40
49
38
43
63
53
41
46
45
51
35
50
44
42
64
43
41
37
42
50
44
44
41
57
55
52
36
47
54
45
37
48
44
43
51
48
40
51
43
39
42
45
43
48
48
56
48
64
46
26
43
44
