53
51
56
56
51
54
54
55
53
58
62
53
55
51
55
62
56
55
58
51
61
57
53
55
56
55
57
57
54
55
55
61
55
57
52
55
57
57
54
56
55
53
52
55
56
59
55
61
56
54
58
61
57
52
59
55
64
55
59
60
61
52
64
56
53
58
56
63
58
51
61
62
61
62
52
53
59
59
60
60
59
61
58
54
57
56
54
57
59
57
52
56
53
59
60
57
57
56
49
56
58
50
49
61
56
56
57
62
56
56
62
57
48
51
56
54
55
53
64
52
55
51
56
55
52
57
57
59
52
54
51
59
53
58
52
55
54
51
49
62
65
56
61
56
56
52
58
61
54
58
54
49
60
54
56
55
54
52
64
54
53
58
59
51
54
57
60
56
58
59
50
61
52
58
53
54
59
53
50
55
57
58
51
58
55
55
53
53
57
53
54
56
55
54
57
59
59
59
59
56
51
52
52
55
62
52
57
52
58
55
53
61
62
62
61
62
54
63
49
59
58
52
52
61
56
59
63
59
50
56
55
54
57
47
52
55
59
59
58
57
54
53
58
57
57
60
59
50
55
54
57
56
58
53
57
52
52
49
56
54
58
52
52
48
59
53
52
55
57
58
53
57
59
53
57
58
52
62
56
51
55
54
47
62
64
54
53
55
52
54
66
59
56
53
54
55
57
63
59
52
50
63
63
56
47
60
66
54
56
56
51
59
59
57
47
58
58
58
59
57
60
56
56
62
58
55
46
54
50
59
52
58
51
52
54
54
56
56
54
62
56
59
54
63
58
54
58
52
55
57
58
60
48
56
55
58
57
54
55
57
62
61
64
58
59
58
53
59
54
58
58
58
56
54
62
58
57
61
54
54
53
59
51
51
62
56
56
54
54
53
55
60
58
54
53
57
57
61
52
55
57
51
60
55
51
55
57
58
61
59
49
59
52
52
62
53
57
53
61
55
55
54
49
56
58
58
55
59
52
57
57
52
58
60
49
53
57
56
57
65
52
59
54
55
55
54
51
57
54
64
51
58
59
53
63
58
55
52
56
50
55
59
57
56
57
59
57
59
62
54
56
47
55
55
59
48
57
54
60
59
53
52
52
57
56
59
53
57
58
61
51
58
57
62
64
58
57
58
53
55
59
56
58
54
53
55
59
53
60
56
55
51
57
56
49
65
57
54
57
53
60
60
55
50
50
63
58
57
50
56
54
64
59
52
60
55
56
50
64
58
54
58
53
55
58
58
52
53
53
56
52
61
58
57
54
54
52
59
58
55
54
53
53
56
61
52
62
57
51
60
51
61
54
58
60
59
56
62
56
60
55
55
57
57
59
59
59
53
53
60
53
58
62
52
58
52
59
50
58
54
57
58
58
57
54
55
55
59
57
54
56
48
53
52
59
55
56
59
59
56
56
57
50
53
55
55
57
52
54
56
55
57
58
60
58
48
59
51
57
53
59
46
56
55
59
57
63
54
50
57
57
53
56
53
57
60
59
61
62
58
53
61
53
58
58
55
56
55
67
60
53
58
51
48
62
60
55
51
65
50
57
57
59
52
60
57
56
52
56
61
63
57
59
54
46
55
58
53
56
53
56
58
60
54
54
54
55
57
54
49
54
57
56
58
62
54
55
63
58
59
57
54
58
48
60
62
53
53
45
51
56
55
59
55
62
56
57
52
54
55
57
54
61
53
62
60
54
57
51
56
52
59
56
58
56
55
54
58
59
49
56
57
57
57
51
57
54
53
57
49
54
60
57
59
55
62
63
55
52
51
61
59
57
50
52
56
55
59
49
55
58
57
49
56
52
56
53
57
55
61
55
57
59
60
55
56
56
57
59
50
59
56
57
58
51
49
56
51
55
61
55
54
57
56
47
52
60
58
59
54
61
53
51
58
54
54
54
57
56
52
59
57
53
52
53
54
54
58
58
55
57
51
54
57
57
54
52
56
50
58
54
50
57
51
58
57
55
56
54
53
56
56
57
55
56
53
49
55
51
55
65
54
57
59
56
58
63
57
51
57
53
54
59
51
56
60
61
52
60
61
61
53
59
50
52
61
50
57
48
59
58
54
56
53
61
54
58
57
56
51
53
58
56
51
54
57
54
53
59
63
56
44
55
61
61
57
62
60
60
61
57
57
52
54
46
60
58
61
54
61
53
61
62
56
53
55
57
56
49
57
56
57
63
59
53
57
56
57
55
55
54
60
52
56
54
62
62
53
58
54
55
56
59
57
55
54
53
58
55
55
56
61
56
62
62
64
56
43
56
53
