98
100
100
106
96
101
100
108
102
104
106
100
98
93
102
117
107
109
103
96
104
110
103
105
101
101
111
103
102
104
107
111
108
103
104
95
105
108
101
105
108
104
102
107
105
104
107
110
101
101
106
112
106
101
112
104
116
104
105
107
108
110
111
103
104
108
101
113
105
99
112
114
109
114
100
99
105
103
104
112
105
107
108
103
103
109
104
103
109
105
100
105
99
114
107
103
103
106
93
107
106
99
104
106
102
109
105
115
109
103
112
103
97
102
103
103
101
102
113
100
106
97
107
104
101
108
104
106
100
101
99
106
104
103
98
105
102
98
100
112
113
103
112
101
102
102
112
105
102
110
101
98
111
101
111
110
108
102
110
101
106
108
112
99
108
108
112
107
102
104
97
110
103
107
100
107
106
107
98
99
109
109
99
110
108
108
103
98
111
99
110
107
105
100
109
103
106
98
108
100
98
101
101
104
111
96
105
102
109
105
102
109
105
110
113
113
98
105
96
112
107
100
99
112
109
109
109
104
100
104
106
102
103
90
107
106
110
109
102
107
106
106
111
111
104
108
111
94
102
106
107
107
106
101
108
102
107
92
111
102
107
103
97
94
109
100
101
103
109
105
101
110
109
101
106
108
102
109
106
94
108
100
97
112
106
110
102
100
100
105
112
109
105
105
103
104
108
109
104
100
97
110
114
108
98
110
112
104
104
107
101
107
106
111
94
107
109
107
110
105
109
99
106
106
104
107
99
98
103
113
102
111
99
101
106
107
105
104
108
110
108
109
107
114
107
109
108
105
103
102
103
110
95
106
103
115
111
105
105
104
105
113
116
105
106
104
102
115
105
108
111
107
106
100
108
104
112
111
96
105
104
109
100
99
108
106
108
106
102
108
104
106
110
103
103
108
107
107
103
102
109
103
105
102
99
106
108
109
109
109
101
109
104
94
109
101
109
108
114
109
106
99
101
98
102
99
104
106
101
103
103
98
104
109
96
96
113
108
101
111
97
107
103
103
101
110
97
107
108
112
103
108
111
101
106
105
104
100
101
92
107
107
105
106
106
111
108
104
114
103
108
99
105
95
109
99
104
96
112
109
104
100
94
103
108
113
103
105
106
116
105
112
110
107
116
107
101
110
99
106
103
103
106
107
100
104
107
108
112
101
106
103
111
107
92
111
107
103
105
97
107
105
105
101
102
106
112
104
93
108
105
116
114
102
112
96
105
96
111
107
100
106
102
106
110
107
97
103
99
110
102
109
106
113
98
107
95
108
109
97
103
104
103
103
109
98
108
95
99
107
99
105
108
108
107
111
109
109
102
111
104
108
110
107
115
109
107
98
98
111
101
101
102
105
110
98
107
96
109
102
101
106
114
107
104
103
97
103
111
104
107
97
96
101
109
101
108
111
112
110
107
105
102
96
100
103
109
106
107
102
104
98
102
111
107
97
103
98
107
99
110
95
99
101
107
111
114
99
96
104
105
99
98
100
103
108
107
108
107
107
94
109
103
108
110
108
101
107
113
111
103
106
102
97
115
112
107
97
110
100
109
106
105
109
106
105
102
97
105
114
113
109
107
103
98
105
105
104
105
103
102
106
105
106
101
101
99
105
100
104
101
106
105
106
110
99
108
113
107
107
104
104
108
99
109
106
100
101
88
104
97
109
110
106
110
104
109
99
106
105
105
103
105
100
112
107
106
103
99
105
99
101
108
102
108
96
104
107
106
98
103
107
109
111
96
104
102
103
101
94
105
112
107
110
100
102
106
107
102
102
110
106
105
98
100
108
107
111
101
102
107
105
97
100
102
106
102
104
103
113
104
105
106
106
104
104
100
107
106
102
110
106
109
105
99
97
105
99
99
110
109
102
105
109
94
103
112
113
108
104
113
98
98
109
104
96
104
104
105
101
111
102
101
101
102
105
99
106
105
98
112
105
95
93
108
101
99
105
99
105
99
96
112
102
105
107
103
108
99
102
104
101
104
105
108
103
98
100
99
103
113
102
113
106
102
103
112
107
101
107
103
100
102
96
100
103
107
96
109
105
109
101
109
95
97
106
96
102
100
109
111
99
109
111
107
100
107
108
100
100
101
102
105
100
103
107
92
98
110
114
105
98
110
113
111
102
112
108
108
109
104
102
104
98
93
113
109
108
104
108
102
103
113
109
99
108
107
106
97
103
105
104
114
105
104
101
104
107
102
104
100
113
109
108
96
107
110
104
99
103
104
108
112
107
101
106
103
104
100
105
109
106
102
112
104
113
108
91
108
101
