91
89
81
90
84
87
92
86
85
83
87
86
89
83
86
92
88
90
87
84
88
91
84
89
88
87
93
88
88
93
89
86
85
85
94
88
88
91
88
85
87
91
89
78
87
86
87
89
90
84
88
93
88
85
89
93
84
85
92
82
89
91
87
83
83
85
87
89
87
87
86
92
85
81
87
85
89
89
82
90
85
81
94
82
91
89
82
86
93
81
81
85
80
85
92
91
90
89
80
85
85
88
89
81
90
90
85
84
88
88
89
82
86
83
84
87
92
87
89
87
86
84
87
86
83
96
87
88
87
93
89
83
83
92
86
85
87
84
88
90
93
82
97
89
88
84
91
91
88
92
81
85
90
85
88
86
89
84
86
88
84
89
87
91
83
87
87
85
89
94
87
92
83
87
86
90
88
84
81
86
88
91
88
84
80
85
94
87
91
88
89
81
83
84
89
85
88
83
93
86
85
86
90
86
82
85
90
85
84
86
82
83
91
86
90
88
87
83
83
88
87
89
89
87
87
83
87
88
88
82
90
89
92
87
87
93
87
88
87
88
89
87
83
81
84
88
83
80
93
93
83
89
76
88
87
82
86
81
92
84
86
86
88
87
85
89
86
88
89
86
89
81
89
78
87
90
91
91
84
86
85
82
87
92
89
94
91
87
90
88
89
88
84
91
90
90
85
91
82
84
90
84
87
84
86
84
95
89
88
86
89
83
81
90
86
85
84
87
89
85
91
84
90
83
90
91
91
91
86
87
87
85
80
85
89
78
96
84
87
88
77
86
89
91
88
89
91
92
87
85
83
85
88
89
82
87
90
84
87
93
83
93
86
84
85
88
89
96
87
85
83
82
91
88
88
86
87
85
87
88
87
86
87
86
91
83
93
86
88
86
94
89
86
85
84
81
89
86
88
84
85
88
88
88
85
87
87
83
86
87
84
88
87
89
84
85
87
89
91
87
85
87
83
85
88
86
85
93
86
89
88
83
87
80
85
84
86
87
85
85
89
88
87
85
85
89
91
88
88
80
80
89
85
88
83
87
81
81
84
89
89
87
89
81
86
94
84
85
88
86
80
86
83
88
93
82
87
81
86
91
88
84
87
93
84
84
82
86
91
92
89
91
90
89
89
88
84
85
89
88
88
87
82
87
85
84
88
88
89
89
91
84
94
85
79
91
87
92
86
90
86
85
88
86
85
86
92
93
81
88
85
88
91
86
83
96
86
88
86
87
84
85
87
86
89
86
89
85
83
85
85
88
93
83
88
90
94
84
87
85
82
86
83
86
85
94
87
86
84
86
88
90
89
84
82
89
85
83
83
89
88
84
90
88
87
85
89
85
87
85
83
86
88
90
94
85
85
85
86
89
88
83
86
87
88
84
84
87
94
91
89
82
87
89
87
80
95
88
94
88
87
81
87
81
80
84
88
84
89
86
86
87
91
87
88
93
86
85
83
89
82
89
84
89
90
83
81
81
82
88
85
88
86
96
86
90
90
87
86
85
88
87
91
91
85
84
88
88
93
85
84
85
87
84
89
84
89
84
83
86
85
88
86
91
86
84
92
83
84
83
87
86
89
88
89
85
83
82
89
90
84
89
88
80
81
83
85
87
85
86
82
90
88
89
89
85
92
84
90
90
85
88
87
86
87
87
85
78
89
86
86
88
86
89
95
82
94
90
84
90
89
89
83
91
95
87
85
90
88
82
88
86
88
80
78
88
91
85
83
81
89
86
86
84
87
81
86
84
89
83
89
88
92
89
84
86
87
88
85
83
86
90
93
87
90
91
91
80
79
86
92
85
85
85
87
91
82
85
87
87
83
86
88
84
86
82
84
85
81
81
89
90
88
84
81
84
86
87
88
87
93
89
84
90
91
90
89
86
90
84
90
91
79
87
86
83
94
84
90
96
85
84
81
84
80
89
87
92
91
84
85
81
87
84
88
86
86
82
87
81
83
84
89
89
81
83
89
82
94
85
88
90
87
95
88
84
88
86
87
88
94
88
88
86
87
82
90
91
86
93
88
84
86
85
77
82
89
89
89
85
90
88
82
89
83
81
90
87
92
83
85
83
86
85
86
91
88
87
81
88
84
85
81
85
91
84
89
88
86
86
86
87
96
86
91
80
85
87
92
87
89
85
89
84
86
86
85
85
89
91
90
92
89
89
86
85
89
88
84
83
94
87
86
83
86
88
93
88
82
81
86
87
82
87
82
86
89
84
83
83
86
87
89
84
91
87
88
87
85
86
87
83
84
89
88
83
86
89
88
91
