79
78
71
80
73
75
80
76
74
72
75
77
78
72
74
81
77
79
76
73
78
80
74
79
77
76
82
77
77
81
78
76
75
75
83
77
77
81
77
76
76
79
79
70
77
77
77
78
78
73
77
83
78
76
79
82
73
74
81
72
79
79
77
73
74
75
77
78
76
77
76
81
75
71
75
74
77
78
72
79
75
70
82
73
80
78
72
76
82
72
72
75
71
74
80
79
80
79
71
75
74
78
78
73
80
79
74
75
77
77
79
74
76
73
73
78
81
76
79
77
76
74
75
76
73
84
76
78
75
81
78
73
75
81
74
76
77
75
77
79
81
71
85
78
78
75
80
80
77
80
72
75
80
76
78
76
78
74
77
77
72
78
76
80
73
77
75
76
78
83
76
82
74
77
75
79
78
74
71
75
77
80
78
72
70
75
84
77
81
77
79
71
73
74
78
75
76
74
82
77
75
77
80
76
74
76
79
74
73
75
72
72
79
76
79
78
76
73
73
77
77
78
78
78
76
73
78
76
78
72
80
77
82
77
78
82
77
77
77
78
76
76
74
72
74
77
73
71
81
82
73
79
67
78
76
72
77
71
82
75
75
75
79
77
75
80
74
77
78
76
79
70
79
69
77
79
80
81
73
74
75
72
76
81
77
82
81
76
78
78
79
77
74
79
79
78
75
80
73
73
80
75
77
75
77
74
82
78
78
76
77
71
70
79
76
73
73
78
78
74
80
75
80
74
80
80
81
82
76
77
76
74
71
73
79
68
85
74
77
77
66
74
78
80
77
79
81
81
77
75
73
73
77
78
72
77
79
73
78
83
74
84
77
75
75
77
79
85
75
74
71
73
80
78
78
75
76
75
76
78
77
76
77
76
80
74
82
75
79
77
83
79
77
76
74
71
78
75
76
74
75
78
78
78
75
75
76
73
75
77
74
78
77
77
74
75
77
79
80
78
75
75
72
76
78
75
74
82
75
77
78
75
77
70
75
74
75
76
75
76
78
77
75
74
74
77
80
75
77
71
69
76
75
77
74
76
71
72
75
79
77
77
77
72
77
81
75
73
78
75
71
74
74
77
81
72
78
71
75
81
78
74
76
82
74
75
71
74
79
81
78
81
78
78
79
77
75
76
78
78
78
75
73
76
76
75
77
78
79
78
80
75
82
75
68
80
77
81
75
78
76
77
75
76
74
77
82
82
71
76
75
77
80
76
73
84
76
77
76
74
74
74
76
76
80
75
78
76
73
73
74
77
81
74
78
79
82
75
78
75
72
77
73
75
76
82
77
75
74
75
77
80
77
74
71
78
75
73
74
79
78
74
78
78
76
75
78
74
77
75
73
76
78
79
82
73
75
75
76
78
77
74
75
77
78
74
74
75
83
80
78
70
77
78
76
70
83
77
82
77
77
73
77
72
70
74
77
73
78
75
76
77
81
77
77
82
75
74
73
78
72
79
75
77
78
73
73
73
74
77
75
77
75
85
75
78
79
76
76
76
78
77
80
79
73
74
77
76
82
75
74
75
77
74
78
75
78
73
74
75
75
76
76
80
76
74
81
73
74
73
76
77
79
77
78
75
74
74
79
79
74
76
78
72
71
72
74
76
74
75
73
79
77
79
79
74
81
75
79
78
75
78
78
75
77
77
74
67
77
75
76
76
75
79
83
73
84
79
75
81
79
79
72
82
82
76
75
80
76
72
78
76
78
70
70
79
80
75
74
71
79
76
76
74
77
71
76
73
79
72
79
78
81
78
73
77
77
78
74
73
77
79
81
77
78
80
80
69
70
77
82
74
74
75
76
79
72
75
76
77
74
76
76
75
76
72
74
74
71
71
78
79
77
73
70
74
76
78
77
76
82
79
75
78
80
80
78
77
78
74
79
80
70
76
77
73
82
73
78
85
74
73
71
74
70
79
77
81
80
73
75
70
77
75
77
76
77
72
77
70
72
73
79
77
71
73
79
72
82
75
77
78
77
84
79
73
77
76
77
77
84
78
78
75
76
73
79
81
75
82
79
74
76
74
68
71
80
78
79
74
79
77
73
78
72
72
79
77
81
73
74
74
77
76
75
81
78
75
71
76
74
75
71
74
81
74
79
77
75
76
77
77
84
76
80
70
76
77
82
77
78
75
78
75
75
75
74
76
78
81
78
81
80
78
76
73
80
77
74
75
83
76
76
73
77
78
81
77
71
71
76
76
74
77
72
74
78
75
72
72
76
77
79
73
79
77
77
77
75
74
76
73
74
79
77
72
77
77
78
80
