overall	high_tfx	low_tfx
0.75741	0.81481	0.60000
0.78571	0.90000	0.52778
0.76389	0.87451	0.63889
0.81159	0.80952	0.79630
0.81213	0.85500	0.58333
0.83455	0.88846	0.77778
0.86615	0.85000	0.97143
0.78472	0.84211	0.48571
0.75797	0.80966	0.67857
0.76708	0.89967	0.38000
0.77423	0.87302	0.57143
0.80864	0.84461	0.66667
0.85714	0.88012	0.82500
0.74916	0.74412	0.55000
0.80485	0.84696	0.46667
0.72414	0.79487	0.56061
0.80000	0.81179	0.87500
0.81859	0.87302	0.65000
0.79196	0.79257	0.80000
0.75123	0.81330	0.54545
0.83696	0.88810	0.47619
0.80254	0.83333	0.75000
0.84848	0.86111	0.83333
0.77874	0.76250	0.75000
0.82292	0.86667	0.66667
0.74143	0.80702	0.51667
0.79274	0.76071	0.95833
0.81385	0.85833	0.48571
0.80571	0.84416	0.71429
0.76889	0.79757	0.73333
0.76747	0.77193	0.72000
0.70942	0.83681	0.41667
0.89286	0.91413	0.86111
0.80032	0.85526	0.50000
0.90635	0.97479	0.81944
0.69565	0.67037	0.78333
0.72605	0.75325	0.66071
0.74242	0.81538	0.51852
0.76019	0.76177	0.76667
0.92006	0.95518	0.75000
0.89055	0.91190	0.86250
0.77336	0.84615	0.41667
0.84034	0.91700	0.80000
0.75721	0.75750	0.80000
0.66239	0.76812	0.56818
0.83644	0.84375	0.76190
0.75041	0.80051	0.50000
0.86857	0.91228	0.77778
0.81720	0.83291	0.71429
0.81127	0.86275	0.57143
0.75048	0.75694	0.66667
0.84154	0.84091	0.88889
0.76850	0.80844	0.48148
0.70862	0.77041	0.57292
0.79412	0.83459	0.60606
0.73244	0.77557	0.50000
0.80741	0.80556	0.86667
0.77183	0.86466	0.41667
0.80833	0.82333	0.82000
0.76810	0.86842	0.41429
0.75577	0.75781	0.72500
0.80185	0.80000	0.83673
0.73000	0.78824	0.54688
0.83464	0.83254	0.82000
0.70069	0.76471	0.53750
0.85965	0.90278	0.74603
0.83160	0.90026	0.14286
0.72542	0.75505	0.71429
0.73654	0.75238	0.68333
0.71939	0.72941	0.65625
0.70330	0.77273	0.36667
0.68894	0.73684	
0.73732	0.75556	0.61111
0.81250	0.87500	0.37500
0.71392	0.69156	0.68000
0.80460	0.83971	0.68571
0.84190	0.89286	0.75000
0.80612	0.82026	0.57500
0.77941	0.84500	0.41071
0.87103	0.85606	1.00000
0.73636	0.76731	0.66667
0.72994	0.78409	0.67500
0.84832	0.83934	0.68750
0.81167	0.90000	0.59722
0.71937	0.73162	0.63889
0.80660	0.85119	0.67857
0.86694	0.87229	0.83333
0.78000	0.79699	0.82143
0.70798	0.77068	0.55556
0.83667	0.84062	0.75000
0.72167	0.76754	0.62500
0.88285	0.94444	0.84615
0.76645	0.82857	0.65909
0.67071	0.76860	0.29545
0.83579	0.80556	1.00000
0.85145	0.87719	0.69444
0.72634	0.81283	0.58571
0.76860	0.76144	0.75758
0.69302	0.78947	0.25000
0.85268	0.86601	0.85714
0.72462	0.78638	0.50000
0.81522	0.85417	0.75000
0.72161	0.75735	0.62500
0.77297	0.76374	0.81818
0.73958	0.78993	0.50000
0.85452	0.91597	0.44444
0.83515	0.86012	0.80808
0.82813	0.86364	0.83333
0.81973	0.85913	0.74000
0.73958	0.75000	0.43182
0.83218	0.90132	0.69231
0.80059	0.83508	0.60000
0.75718	0.80714	0.37500
0.79576	0.88131	0.56818
0.81624	0.80952	0.82500
0.75417	0.83765	0.42857
0.71667	0.77632	0.31818
0.80106	0.87879	0.68831
0.89806	0.93822	0.68750
0.79238	0.79739	0.71429
0.79119	0.79853	0.72500
0.83571	0.85714	0.75325
0.75463	0.72963	0.83333
0.86263	0.92000	0.37500
0.63514	0.64500	0.62500
0.84500	0.84848	0.84000
0.80758	0.86000	0.73333
0.78583	0.80272	0.58333
0.74403	0.80186	0.55952
0.78490	0.79608	0.75000
0.72348	0.76984	0.64286
0.78091	0.79449	0.80000
0.66989	0.66667	0.88889
0.84325	0.85385	0.92500
0.71930	0.79221	0.65455
0.79200	0.82353	0.73958
0.78000	0.80060	0.69841
0.82870	0.87616	0.64286
0.84291	0.89545	0.55556
0.75661	0.81283	0.35000
0.78684	0.87733	0.35000
0.84512	0.86275	0.93333
0.80556	0.86975	0.65306
0.80810	0.81746	0.70000
0.80909	0.88366	0.30303
0.72629	0.80392	0.54167
0.80000	0.80303	0.75000
0.78595	0.80549	0.66667
0.74008	0.88421	0.23333
0.72391	0.79592	0.51852
0.77915	0.78992	0.71667
0.88542	0.93684	0.50000
0.72845	0.73810	0.68750
0.89375	0.89444	0.87500
0.68910	0.72222	0.50000
0.74614	0.73545	0.76000
0.84524	0.92857	0.53571
0.74021	0.77282	0.55102
0.80215	0.82867	0.75000
0.72074	0.68421	0.88889
0.73175	0.73580	0.77778
0.82159	0.86555	0.58333
0.77931	0.84399	0.52083
0.72609	0.79667	0.26667
0.83523	0.89951	0.57500
0.71846	0.84083	0.37500
0.83873	0.89062	0.65000
0.76389	0.83056	0.65741
0.79960	0.83509	0.44444
0.83700	0.86905	0.71429
0.76020	0.75617	0.86667
0.86201	0.82680	0.98000
0.79969	0.79365	0.77143
0.70821	0.77429	0.47917
0.84462	0.86184	0.81667
0.75521	0.79556	0.61905
0.75625	0.77350	0.83333
0.80247	0.81313	0.71111
0.78030	0.86710	0.44444
0.83670	0.84211	0.93750
0.75868	0.78289	0.70000
0.80952	0.83918	0.60000
0.87674	0.90977	0.80000
0.80200	0.80805	0.77778
0.79250	0.80167	0.75000
0.73139	0.81000	0.52273
0.73714	0.82018	0.25000
0.76705	0.84561	0.25926
0.72596	0.72697	0.60000
0.84799	0.85121	0.83333
0.80417	0.85462	0.64286
0.78272	0.79870	0.62222
0.76212	0.78125	0.73485
0.81389	0.85714	0.63889
0.79586	0.81203	0.72917
0.74641	0.82716	0.63636
0.79857	0.83158	0.66667
0.84766	0.92895	0.55000
0.72840	0.71324	0.81818
0.78643	0.91304	0.31667
0.85559	0.85941	0.78571
0.78114	0.83929	0.52778
0.85552	0.87812	0.66667
0.81919	0.92517	0.52000
0.78276	0.80000	0.68254
0.80929	0.93311	0.33333
0.75199	0.77273	0.61905
0.80276	0.81875	0.84615
0.80435	0.84773	0.50000
0.88172	0.90580	0.79167
0.77249	0.81364	0.59524
0.80645	0.88675	0.52500
0.88889	0.90909	0.96875
0.74835	0.75439	0.68750
0.87829	0.87647	0.85714
0.84375	0.87218	0.74000
0.79601	0.78947	0.84000
0.78261	0.79727	0.73077
0.71529	0.82368	0.41667
0.84829	0.85333	0.89091
0.74154	0.73684	0.77083
0.72414	0.78788	0.55102
0.88276	0.85139	1.00000
0.83385	0.85990	0.68750
0.73103	0.71465	0.75758
0.87077	0.87500	0.93333
0.71837	0.73913	0.62500
0.78148	0.78328	0.79167
0.81522	0.90625	0.58571
0.85690	0.86068	0.82500
0.73554	0.76316	0.50000
0.73060	0.80592	
0.73977	0.79870	0.59375
0.79832	0.81119	0.73077
0.81609	0.83600	0.80000
0.81056	0.86378	0.68182
0.75481	0.76177	0.65714
0.87054	0.95370	0.65000
0.83333	0.84962	0.79167
0.58211	0.60877	0.45833
0.87500	0.90385	0.78125
0.75699	0.86275	0.55556
0.80936	0.84259	0.75000
0.72633	0.85390	0.37500
0.78040	0.83254	0.66667
0.79497	0.88421	0.57143
0.80121	0.83032	0.82143
0.76111	0.81373	0.75000
0.80200	0.79193	0.83333
0.73656	0.80978	0.58333
0.78897	0.88101	0.35000
0.67045	0.70445	0.71429
0.82759	0.91667	0.56000
0.72619	0.80903	0.61111
0.76543	0.77667	0.69048
0.82182	0.79091	0.92727
0.77176	0.81985	0.57692
0.71446	0.73206	0.66667
0.72308	0.79412	0.44444
0.80254	0.82026	0.72222
0.86371	0.91331	0.70000
0.75595	0.79101	0.64286
0.76708	0.78490	0.55000
0.81173	0.84091	0.72500
0.70077	0.77951	0.60000
0.80702	0.78462	0.95238
0.87856	0.92484	0.80000
0.76705	0.76984	0.82500
0.81028	0.83626	0.66667
0.90462	0.91429	0.87500
0.84000	0.84211	0.86667
0.78444	0.83816	0.62500
0.79924	0.85494	0.54167
0.82552	0.86222	0.78182
0.85884	0.90850	0.82500
0.75304	0.79514	0.50000
0.78261	0.83918	0.62500
0.69143	0.74937	0.42857
0.79933	0.86786	0.62963
0.85449	0.89855	0.75000
0.74916	0.78000	0.55556
0.79784	0.83509	0.69444
0.72031	0.73571	0.66667
0.75962	0.82500	0.41667
0.67778	0.72101	0.52381
0.68000	0.73897	0.47500
0.81600	0.79321	0.92857
0.70353	0.82440	0.30612
0.88142	0.87594	0.93750
0.81818	0.82805	0.75556
0.83023	0.85156	0.77143
0.86574	0.90725	0.80556
0.80172	0.80290	0.70370
0.82794	0.88889	0.62500
0.85038	0.88889	0.68750
0.77083	0.81579	0.65625
0.75772	0.81424	0.50000
0.73810	0.70238	0.82143
0.65212	0.68958	0.39286
0.77066	0.82540	0.52083
0.71857	0.79514	0.63462
0.72005	0.78772	0.46032
0.79630	0.77847	0.86667
0.63889	0.72549	0.45062
0.76042	0.77857	0.63889
0.77250	0.78684	0.73846
0.61273	0.67556	0.57143
0.70192	0.76667	0.50000
0.77174	0.73438	1.00000
0.78804	0.81315	0.64286
0.83392	0.81469	0.75000
0.75952	0.74000	0.93333
0.81614	0.89091	0.57500
0.82143	0.82368	0.79167
0.76960	0.83761	0.61905
0.83818	0.87701	0.40000
0.79286	0.79710	0.79167
0.80714	0.83591	0.78788
0.80727	0.84520	0.66667
0.71893	0.73701	0.72917
0.77104	0.83333	0.35714
0.81379	0.84300	0.71429
0.76803	0.80065	0.65455
0.83118	0.86437	0.65455
0.81071	0.89946	0.59524
0.88889	0.98462	0.68182
0.63333	0.68954	0.00000
0.77011	0.78676	0.83333
0.74107	0.80952	0.53333
0.80381	0.81100	0.83333
0.83862	0.81871	0.92424
0.63048	0.69531	0.42222
0.77455	0.82816	0.55000
0.70679	0.80556	0.38889
0.82000	0.89915	0.59259
0.75905	0.75837	0.78571
0.77340	0.84890	0.61905
0.81270	0.82900	0.77778
0.77071	0.81579	0.62963
0.73447	0.75163	0.70000
0.79034	0.85449	0.66667
0.83934	0.88000	0.69444
0.88314	0.96842	0.75325
0.81043	0.86923	0.64000
0.75115	0.82057	0.51389
0.80718	0.84706	0.72917
0.81538	0.86750	0.56667
0.81091	0.90909	0.73333
0.76231	0.87798	0.23333
0.82676	0.86728	0.71875
0.78157	0.73684	1.00000
0.79018	0.81771	0.67500
0.82381	0.86316	0.40000
0.85765	0.88095	0.79167
0.75041	0.82857	0.46032
0.78788	0.84561	0.55357
0.78147	0.79240	0.75000
0.80299	0.81236	0.72222
0.71701	0.76496	0.50000
0.84402	0.90980	0.59259
0.78926	0.86574	0.55556
0.74506	0.86574	0.68000
0.67428	0.73593	0.61364
0.73389	0.81510	0.44000
0.78133	0.85500	0.50000
0.77778	0.84659	0.61818
0.74174	0.80769	0.47222
0.80214	0.82323	0.62500
0.76923	0.78728	0.62500
0.71983	0.74306	0.60000
0.74537	0.83025	0.50000
0.84674	0.87143	0.81481
0.81786	0.87353	0.70833
0.77591	0.83851	0.64935
0.85548	0.95739	0.48333
0.73860	0.82692	0.51667
0.76923	0.77961	0.73333
0.80600	0.88346	0.53571
0.79853	0.75585	0.87500
0.80110	0.78139	0.93333
0.73077	0.81000	0.36667
0.83974	0.83987	0.83333
0.80702	0.82564	0.84091
0.78882	0.81203	0.67857
0.77391	0.84454	0.44444
0.74286	0.79198	0.55556
0.75262	0.78385	0.60000
0.79630	0.80870	0.61111
0.79679	0.84559	0.65476
0.82143	0.84062	0.77500
0.85926	0.90833	0.70909
0.86849	0.85537	0.90000
0.76556	0.81283	0.66964
0.86111	0.91718	0.63333
0.81756	0.83957	0.72000
0.80333	0.86458	0.53571
0.85989	0.89223	0.84444
0.79815	0.81548	0.70833
0.78671	0.77193	0.84848
0.80769	0.81618	0.73333
0.82963	0.90625	0.51111
0.80159	0.84127	0.66667
0.83642	0.85455	0.71111
0.79933	0.81250	0.78571
0.83827	0.91136	0.55357
0.68277	0.71691	0.63636
0.75397	0.78409	0.64286
0.77318	0.78772	0.71667
0.80435	0.76471	0.84444
0.71894	0.77222	0.30000
0.77826	0.76570	0.85714
0.77579	0.81908	0.50000
0.81349	0.87105	0.66667
0.68168	0.73977	0.35556
0.77593	0.83631	0.50000
0.71724	0.71531	0.78571
0.79394	0.85417	0.62500
0.72157	0.78175	0.55556
0.84330	0.81818	0.96875
0.77183	0.81197	0.68750
0.79630	0.82804	0.62500
0.66334	0.64286	0.74545
0.83974	0.88487	0.78000
0.76795	0.80114	0.50000
0.83333	0.87500	0.66667
0.79102	0.84874	0.73333
0.73677	0.80117	0.55556
0.70417	0.77407	0.40000
0.71412	0.77056	0.56667
0.67949	0.73413	0.63462
0.77490	0.83117	0.53571
0.82118	0.86111	0.69048
0.79132	0.86607	0.52083
0.86496	0.86190	0.87500
0.70424	0.76591	0.40476
0.72651	0.76250	0.75556
0.79620	0.96389	0.26667
0.78065	0.88116	0.27500
0.78400	0.86316	0.65000
0.87733	0.90936	0.72222
0.80057	0.81315	0.86667
0.73109	0.79231	0.58333
0.84148	0.86842	0.75000
0.78966	0.82895	0.65476
0.72408	0.80409	0.59375
0.69510	0.72000	0.63889
0.80182	0.86333	0.60000
0.80357	0.76659	1.00000
0.80667	0.80563	0.64286
0.81481	0.89250	0.46753
0.80645	0.84389	0.75000
0.75926	0.78824	0.70000
0.52622	0.65965	0.33333
0.66317	0.70100	0.77778
0.72933	0.75000	0.66071
0.81818	0.86257	0.76190
0.81714	0.88430	0.51282
0.78297	0.85417	0.60000
0.75494	0.83832	0.50649
0.83358	0.86957	0.70833
0.70395	0.71667	0.52083
0.87607	0.92424	0.75000
0.88536	0.90191	0.70000
0.67396	0.73913	0.48000
0.70567	0.73947	0.64198
0.74318	0.80833	0.53571
0.73244	0.71250	0.85714
0.89143	0.92647	0.73438
0.81988	0.87255	0.62500
0.85958	0.87821	0.78571
0.83504	0.85088	0.72500
0.85317	0.88235	0.66667
0.82400	0.87000	0.62000
0.76296	0.76823	0.51852
0.81111	0.83182	0.75000
0.75309	0.87415	0.47619
0.80280	0.87135	0.60000
0.85544	0.88571	0.86364
0.82527	0.78836	0.96667
0.79667	0.79167	0.86667
0.75309	0.85043	0.43056
0.82004	0.83766	0.92857
0.71894	0.78547	0.57576
0.76245	0.71212	0.92857
0.81979	0.86749	0.63636
0.68833	0.72381	0.60417
0.81173	0.85185	0.66667
0.87652	0.86068	0.84375
0.80455	0.81538	0.75000
0.75238	0.77647	0.60000
0.79599	0.82275	0.60000
0.82500	0.88406	0.45833
0.80968	0.79298	0.88333
0.82615	0.85667	0.69091
0.74808	0.71368	0.78846
0.78772	0.80952	0.68889
0.73733	0.83824	0.25000
0.80848	0.78788	0.90909
0.80456	0.81579	0.85185
0.73517	0.82500	0.44444
0.79668	0.86445	0.51515
0.70417	0.72857	0.62000
0.79102	0.84917	0.44444
0.72414	0.71818	0.67347
0.79130	0.78342	0.81250
0.79599	0.84314	0.50000
0.76923	0.80000	0.78182
0.76000	0.78912	0.55000
0.82692	0.88750	0.77273
0.83538	0.91667	0.57143
0.76442	0.75210	0.75000
0.74963	0.81522	0.50000
0.64160	0.66250	0.60000
0.75351	0.83594	0.65455
0.76000	0.81067	0.56000
0.79570	0.81905	0.66667
0.82094	0.82440	0.80556
0.75481	0.78307	0.73333
0.68376	0.72222	0.50000
0.86240	0.90196	0.75000
0.87286	0.92143	0.71429
0.69898	0.76579	0.44444
0.71758	0.74130	0.88462
0.71795	0.74667	0.48485
0.78775	0.82380	0.78571
0.78261	0.82164	0.61364
0.67041	0.79044	0.55556
0.73756	0.71296	0.85000
0.77333	0.80808	0.73214
0.76938	0.83922	0.60417
0.79464	0.84211	0.60000
0.85957	0.89931	0.60606
0.83696	0.86555	0.76190
0.79842	0.83456	0.66667
0.80484	0.90936	0.48438
0.84571	0.88889	0.67857
0.77642	0.80870	0.62121
0.80400	0.84943	0.61111
0.77273	0.80392	0.74286
0.78138	0.77083	0.70833
0.76613	0.82667	0.63636
0.70062	0.73317	0.65873
0.81185	0.86687	0.60000
0.89028	0.92500	0.57143
0.75857	0.81513	0.52273
0.81953	0.89474	0.51786
0.80000	0.83667	0.78571
0.86420	0.89153	0.70370
0.77724	0.76471	0.83333
0.82341	0.87451	0.69048
0.78000	0.78421	0.80000
0.83937	0.87132	0.66667
0.75692	0.85859	0.70833
0.81494	0.84783	0.69841
0.74427	0.78595	0.62500
0.92096	0.92923	0.92857
0.83333	0.93522	0.45455
0.70602	0.75333	0.68254
0.81333	0.86111	0.51852
0.66749	0.76623	0.47500
0.78079	0.79657	0.80000
0.75627	0.78558	0.65625
0.79327	0.83971	0.68571
0.79600	0.87013	0.87179
0.83571	0.87037	0.62500
0.81988	0.93750	0.60000
0.65747	0.65412	0.73333
0.79762	0.87143	0.53125
0.75986	0.76077	0.83333
0.74370	0.76389	0.68889
0.72826	0.76812	0.52000
0.79340	0.82895	0.70000
0.77037	0.84014	0.55556
0.77273	0.87783	0.51667
0.76500	0.85464	0.37879
0.72917	0.78116	0.64444
0.84005	0.84689	0.88889
0.87143	0.92143	0.71591
0.68025	0.80159	0.39773
0.80864	0.85759	0.66071
0.79326	0.84848	0.61111
0.75932	0.78307	0.65714
0.88294	0.89145	0.92500
0.69599	0.73214	0.62500
0.75096	0.78075	0.75000
0.85333	0.92481	0.55556
0.65945	0.74716	0.41818
0.80612	0.82993	0.79592
0.75355	0.78571	0.65385
0.80308	0.85000	0.61905
0.75626	0.78125	0.78571
0.84659	0.84375	0.83333
0.80635	0.82271	1.00000
0.81169	0.83333	0.83333
0.89286	0.95299	0.56667
0.88000	0.98128	0.21875
0.71814	0.75000	0.57143
0.80907	0.85000	0.66667
0.79264	0.87937	0.40909
0.73602	0.75333	0.68750
0.75840	0.78281	0.75000
0.83939	0.82073	0.91111
0.68386	0.74339	0.56667
0.77593	0.80707	0.50000
0.67931	0.71972	0.61111
0.83077	0.84474	0.77778
0.76649	0.81360	0.62857
0.82292	0.89500	0.64286
0.72617	0.76068	0.79545
0.91250	0.95726	0.85714
0.71853	0.73016	0.87500
0.66667	0.75000	0.33333
0.76871	0.83478	0.41667
0.84101	0.92803	0.55556
0.80193	0.79044	0.75000
0.81250	0.85678	0.70130
0.72174	0.76471	0.64286
0.87923	0.90476	0.83333
0.87477	0.89161	0.85714
0.79720	0.81000	0.73810
0.82121	0.81412	0.92000
0.83036	0.86364	0.75000
0.77778	0.83045	0.56000
0.74854	0.77668	0.64062
0.80580	0.82298	0.76190
0.82555	0.85990	0.60000
0.83179	0.81884	1.00000
0.74074	0.74412	0.73016
0.78189	0.81190	0.67857
0.75167	0.84694	0.63636
0.76006	0.85417	0.53125
0.84677	0.88745	0.55556
0.72779	0.72039	0.82143
0.78986	0.83333	0.62500
0.85714	0.86957	0.77143
0.82609	0.81197	0.81429
0.72991	0.76000	0.61111
0.81859	0.84488	0.77500
0.82401	0.93162	0.55952
0.88360	0.88000	0.94444
0.79111	0.82754	0.73750
0.72994	0.76738	0.65000
0.69373	0.76875	0.48571
0.74571	0.81579	0.51111
0.73882	0.78205	0.57143
0.81677	0.86728	0.64000
0.73545	0.80769	0.66071
0.79497	0.82143	0.66667
0.81392	0.87061	0.62500
0.70400	0.75542	0.56250
0.78737	0.83333	0.64286
0.75048	0.81734	0.41667
0.86542	0.89815	0.66667
0.71500	0.80952	0.45455
0.80238	0.83456	0.46667
0.81327	0.85673	0.71111
0.74718	0.88487	0.38393
0.76894	0.79575	0.61667
0.81965	0.86458	0.81818
0.84011	0.87719	0.70000
0.79683	0.83333	0.68750
0.74852	0.79830	0.77500
0.75913	0.83459	0.55556
0.82781	0.83947	0.77778
0.79757	0.77381	0.92500
0.68194	0.77246	0.55000
0.80511	0.82097	0.76786
0.60953	0.64410	0.48214
0.85870	0.89145	0.80000
0.82540	0.80526	0.85938
0.82949	0.80268	0.90625
0.70667	0.71842	0.70000
0.82906	0.87566	0.66667
0.69375	0.74155	0.50000
0.64448	0.71131	0.38095
0.82955	0.84632	0.75758
0.65909	0.72500	0.37500
0.82737	0.81217	0.92308
0.74758	0.78009	0.65000
0.78161	0.80800	0.75000
0.76075	0.83026	0.55208
0.83862	0.86243	0.74603
0.79310	0.82187	0.59259
0.81391	0.85139	0.68750
0.72310	0.72222	0.83333
0.67077	0.73333	0.41818
0.79290	0.83862	0.72500
0.66591	0.81438	0.39683
0.80072	0.85222	0.69841
0.75000	0.78728	0.52500
0.85468	0.91304	0.56364
0.76263	0.78075	0.90909
0.79412	0.86349	0.57692
0.76538	0.80556	0.65000
0.76087	0.80789	0.50000
0.69833	0.73775	0.38889
0.85714	0.89921	0.70833
0.80128	0.81818	0.69444
0.77926	0.79500	0.60000
0.78161	0.80444	0.63889
0.73889	0.74474	0.74000
0.73551	0.83709	0.00000
0.87888	0.98864	0.62121
0.75397	0.81548	0.59722
0.83103	0.80444	0.89091
0.84550	0.88485	0.55556
0.89904	0.91964	0.82500
0.71154	0.82353	0.42222
0.73463	0.77353	0.66667
0.72577	0.78333	0.51250
0.81328	0.84359	0.75000
0.71970	0.75758	0.59259
0.81481	0.84520	0.70833
0.75418	0.79321	0.67500
0.80029	0.83626	0.63333
0.87003	0.86190	0.87500
0.73529	0.80952	0.33333
0.71605	0.79375	0.46667
0.84016	0.86667	0.86364
0.78956	0.82222	0.66667
0.86494	0.87941	0.90476
0.83170	0.83626	0.80000
0.80639	0.84830	0.27778
0.81000	0.81739	0.85714
0.78982	0.80201	0.93750
0.91506	0.93808	0.83673
0.74957	0.84375	0.46032
0.72345	0.78589	0.56667
0.81790	0.83095	0.76190
0.80901	0.83553	0.71429
0.73218	0.78704	0.45455
0.88704	0.89275	1.00000
0.82308	0.88158	0.50000
0.72292	0.70868	0.78571
0.86136	0.87500	0.80556
0.74929	0.83185	0.53571
0.63777	0.69481	0.58333
0.73463	0.78000	0.65278
0.73448	0.77431	0.68182
0.66026	0.75658	0.38000
0.66602	0.66522	0.77778
0.82167	0.86550	0.63889
0.79023	0.85034	0.66250
0.81600	0.81319	0.81250
0.81250	0.92727	0.58730
0.82030	0.93750	0.59091
0.86032	0.86458	0.80000
0.84743	0.88254	0.77273
0.85625	0.85795	0.87500
0.78489	0.81790	0.75758
0.76094	0.77727	0.64615
0.71714	0.75852	0.66667
0.77797	0.83203	0.53333
0.81696	0.85870	0.67500
0.72596	0.81140	0.28571
0.72807	0.80612	0.44444
0.79356	0.82857	0.57143
0.79258	0.83532	0.35714
0.79321	0.84167	0.47619
0.72208	0.79765	0.44000
0.68350	0.71373	0.54286
0.81619	0.84783	0.64286
0.71118	0.72105	0.62500
0.78220	0.83333	0.76190
0.80000	0.81522	0.81250
0.72177	0.71242	0.73214
0.84303	0.87171	0.75000
0.82667	0.87321	0.66667
0.82996	0.88333	0.87500
0.80688	0.80423	0.88333
0.74074	0.79298	0.64583
0.73077	0.72813	0.71667
0.78458	0.83456	0.58333
0.78986	0.87143	0.63889
0.75911	0.79089	0.59259
0.72222	0.71000	0.64286
0.82909	0.85185	0.75000
0.69848	0.74603	0.58333
0.78387	0.81293	0.73333
0.79023	0.78947	0.82000
0.77135	0.83556	0.53125
0.53344	0.60147	0.26389
0.88203	0.89140	0.81944
0.75595	0.83391	0.61039
0.70673	0.81111	0.44444
0.88941	0.88393	0.92593
0.80769	0.78788	0.84416
0.76970	0.76471	0.90000
0.84624	0.85331	0.80000
0.79487	0.80579	0.71875
0.75478	0.80672	0.66667
0.75523	0.74303	0.79167
0.84799	0.85417	0.75000
0.86039	0.91877	0.57143
0.86905	0.88487	0.61111
0.66935	0.68750	0.76667
0.84943	0.87240	0.70833
0.68678	0.74522	0.45714
0.84808	0.85449	0.85714
0.80000	0.87018	0.56000
0.89444	0.94667	0.70909
0.77531	0.78600	0.35000
0.66922	0.81513	0.27500
0.83025	0.87132	0.72727
0.84549	0.84815	0.87037
0.84299	0.87198	0.83333
0.67366	0.83876	0.43956
0.80172	0.79634	0.86667
0.73667	0.69549	0.83333
0.78719	0.76437	0.95556
0.84655	0.85217	0.83333
0.78636	0.86765	0.64000
0.68676	0.71765	0.56944
0.77976	0.83810	0.64444
0.77957	0.80602	0.60000
0.70864	0.72708	0.96667
0.76297	0.78005	0.64583
0.81309	0.79356	0.85556
0.73874	0.76410	0.65152
0.75694	0.77778	0.66667
0.81897	0.85119	0.68571
0.87054	0.87202	0.87500
0.63143	0.66250	0.54167
0.81056	0.87216	0.64286
0.81818	0.80857	0.83333
0.75170	0.75625	0.65000
0.85119	0.86997	0.74545
0.78738	0.83095	0.66667
0.84127	0.84524	0.78571
0.86267	0.89648	0.61111
0.83092	0.82609	0.79167
0.87458	0.87115	0.83333
0.69162	0.68478	0.70000
0.77473	0.84896	0.57500
0.77043	0.79412	0.69048
0.71080	0.67337	0.78571
0.75500	0.85069	0.51786
0.76250	0.83632	0.58333
0.77083	0.81944	0.55556
0.82667	0.88889	0.69388
0.83025	0.87353	0.82500
0.72576	0.79524	0.16667
0.78077	0.80235	0.57778
0.75063	0.80889	0.55357
0.79365	0.86157	0.46667
0.75304	0.84000	0.63750
0.82361	0.88545	0.63333
0.83818	0.85294	0.80000
0.83103	0.82237	0.85000
0.87315	0.89474	0.76667
0.80435	0.83203	0.71429
0.74074	0.73016	0.75556
0.79848	0.87847	0.54167
0.57000	0.65625	0.27778
0.87585	0.90994	0.74286
0.82955	0.81000	0.83333
0.75974	0.83553	0.52778
0.73778	0.77273	0.65179
0.78549	0.79722	0.66667
0.79503	0.81867	0.58333
0.83946	0.91349	0.53704
0.77504	0.78571	0.72500
0.76441	0.76923	0.83333
0.83618	0.82105	0.91837
0.82963	0.90043	0.44444
0.70791	0.77955	0.47917
0.84416	0.87197	0.76364
0.75137	0.80556	0.59375
0.72917	0.74444	0.64583
0.79355	0.81236	0.66667
0.77995	0.87647	0.50000
0.73064	0.76406	0.46154
0.76522	0.80886	0.56818
0.78527	0.85098	0.60714
0.68954	0.71714	0.63636
0.77222	0.85000	0.38095
0.83002	0.85921	0.72500
0.81667	0.83158	0.77333
0.80000	0.78655	0.84848
0.82660	0.86646	0.67500
0.72320	0.76471	0.60000
0.84615	0.85941	0.86000
0.83929	0.87500	0.73333
0.85897	0.86087	0.83333
0.90417	0.93426	0.71429
0.74713	0.80411	0.47619
0.87849	0.92560	0.70000
0.75309	0.76731	0.82500
0.75120	0.81250	0.51667
0.72934	0.74242	0.63889
0.69808	0.76863	0.51515
0.88047	0.90278	0.77273
0.69565	0.73231	0.60000
0.61207	0.64615	0.61224
0.82759	0.87037	0.65000
0.84535	0.90909	0.58730
0.85571	0.91579	0.58333
0.88782	0.93791	0.71429
0.76308	0.81454	0.50000
0.79647	0.78947	0.71429
0.72436	0.75851	0.65556
0.83580	0.85979	0.75000
0.78695	0.84492	0.73611
0.68214	0.68889	0.36364
0.75846	0.75069	0.83333
0.75149	0.79051	0.64286
0.78720	0.82143	0.58333
0.76167	0.85121	0.39286
0.79189	0.89844	0.50909
0.78056	0.77053	0.85714
0.83504	0.91331	0.66667
0.74005	0.80117	0.57500
0.80065	0.75000	0.91667
0.78775	0.82707	0.57143
0.81667	0.82888	0.80000
0.69906	0.73264	0.58000
0.63043	0.71795	0.51429
0.73590	0.75526	0.69697
0.71937	0.77562	0.44643
0.73718	0.77090	0.55556
0.85852	0.88643	0.74603
0.94727	0.97500	0.80000
0.81293	0.91855	0.60227
0.85696	0.85417	0.93939
0.74848	0.79615	0.67778
0.75712	0.82738	0.57692
0.72286	0.79412	0.47917
0.88799	0.94510	0.76923
0.87549	0.97321	0.66071
0.73715	0.82745	0.54762
0.77778	0.85979	0.61667
0.91333	0.94118	0.87500
0.78125	0.79167	0.70833
0.59317	0.65000	0.51515
0.73714	0.83333	0.46250
0.81207	0.86579	0.62500
0.75909	0.81579	0.59740
0.83871	0.91331	0.53571
0.77419	0.86667	0.44444
0.79418	0.82333	0.66667
0.78647	0.79250	0.81481
0.77321	0.82222	0.48571
0.78627	0.81111	0.71429
0.67885	0.72222	0.40000
0.78763	0.84830	0.61905
0.74579	0.81471	0.50000
0.85027	0.89164	0.84416
0.81481	0.85648	0.77778
0.82594	0.85213	0.68750
0.69643	0.76891	0.13636
0.71053	0.70779	0.75000
0.73611	0.83193	0.42857
0.86609	0.87963	0.82857
0.75298	0.77444	0.60000
0.86396	0.86667	0.85714
0.83158	0.87937	0.55556
0.69732	0.74242	0.55000
0.82323	0.85088	0.78125
0.61995	0.60942	0.60000
0.86640	0.91619	0.55556
0.74583	0.79044	0.60417
0.79891	0.86111	0.66000
0.79542	0.79348	0.77500
0.77920	0.84392	0.55556
0.84239	0.85800	0.76190
0.88352	0.88250	0.88095
0.86404	0.90000	0.86667
0.75569	0.76562	0.74603
0.83111	0.84818	0.83333
0.78611	0.82857	0.70000
0.67170	0.70960	0.50000
0.81538	0.82286	0.84000
0.79383	0.79757	0.81250
0.76638	0.77500	0.68571
0.75265	0.83929	0.48052
0.83571	0.86928	0.63333
0.86310	0.89803	0.72000
0.84499	0.88366	0.75000
0.83467	0.87778	0.61667
0.83983	0.87353	0.86538
0.79150	0.82026	0.67778
0.76087	0.78571	0.68519
0.82479	0.86842	0.69643
0.74000	0.75920	0.65000
0.85571	0.87632	0.72917
0.92125	0.94737	0.78571
0.80714	0.82381	0.71875
0.79586	0.80476	0.70000
0.74801	0.75379	0.71795
0.78667	0.77500	0.78000
0.81463	0.83667	0.70833
0.80333	0.82620	0.62500
0.77443	0.80000	0.70370
0.62802	0.68788	0.35000
0.71429	0.73571	0.67143
0.79167	0.87500	0.51786
0.78000	0.80451	0.70455
0.80032	0.86997	0.67500
0.80867	0.79233	1.00000
0.69154	0.67398	0.73469
