113
113
115
118
108
115
114
122
115
117
120
115
112
108
114
130
121
122
117
112
119
123
117
118
115
115
124
118
115
117
122
126
122
116
117
109
119
120
114
119
121
119
115
120
118
118
120
124
116
115
120
126
120
115
126
118
128
119
119
120
121
124
125
117
118
120
117
129
119
113
126
128
122
126
114
112
119
118
116
125
118
120
124
116
117
122
117
116
122
119
113
119
113
128
121
116
117
120
107
121
119
114
119
119
115
121
118
129
122
117
125
116
111
115
117
116
114
115
127
113
119
112
122
119
115
122
116
120
115
115
113
117
117
119
111
119
115
112
114
127
126
118
127
116
115
116
124
118
116
123
114
112
125
114
124
124
120
117
124
115
120
121
126
113
122
121
126
120
117
117
112
124
116
120
114
121
121
120
112
113
123
123
112
123
122
121
117
113
125
113
124
121
118
114
123
117
119
111
124
114
111
117
114
119
125
110
118
117
122
120
115
122
120
123
126
127
112
119
110
125
121
114
113
125
121
119
122
119
112
116
120
116
117
104
121
119
124
123
114
120
120
120
125
126
116
120
124
109
115
120
122
122
119
116
121
117
120
106
126
117
119
117
111
107
123
113
114
117
122
118
115
122
123
116
120
122
117
121
121
106
119
113
111
124
120
123
117
113
115
117
125
122
121
119
116
119
121
123
118
115
111
123
126
123
112
123
125
118
117
122
114
120
120
124
109
120
123
120
124
119
121
114
120
120
119
121
113
112
118
128
115
125
112
116
119
121
118
116
122
123
121
124
121
127
119
123
123
118
117
115
116
124
110
120
116
130
126
119
121
119
119
128
129
120
122
116
115
127
120
122
126
121
120
113
121
119
126
123
111
117
117
122
114
112
121
119
123
120
115
122
117
119
122
116
117
121
120
121
118
115
123
116
119
114
113
121
121
122
122
124
115
122
118
110
123
117
123
123
128
123
120
112
115
112
116
112
117
120
115
117
116
112
118
122
110
109
125
121
116
125
113
120
118
118
114
123
113
120
122
125
116
122
126
116
118
119
118
114
115
107
120
120
119
119
121
127
122
116
127
118
120
112
118
109
124
114
118
110
124
124
119
115
109
118
122
126
116
118
118
127
118
125
123
121
127
119
115
123
114
120
117
116
120
120
114
119
120
123
125
114
120
116
126
119
104
124
120
117
119
111
120
118
119
115
115
120
126
117
107
123
119
131
130
115
125
111
118
110
125
118
114
120
116
120
122
121
113
116
113
125
117
123
122
129
110
122
109
123
121
111
117
119
117
118
124
114
122
110
111
122
115
120
123
121
120
126
123
122
115
125
119
121
123
122
129
121
121
112
112
123
114
116
116
119
125
113
120
110
122
114
116
118
127
122
118
116
112
117
123
118
119
112
111
114
122
114
124
123
126
122
119
118
115
108
113
118
123
120
120
115
119
113
115
123
120
111
116
111
121
113
124
110
113
114
122
126
127
113
109
118
118
116
112
115
117
122
122
123
119
120
110
124
116
121
124
120
115
120
126
124
116
120
115
111
129
126
120
110
122
113
123
119
119
124
120
118
117
110
119
128
126
124
120
118
112
120
118
118
119
117
116
118
120
118
114
116
114
118
115
118
114
119
120
118
122
112
120
126
121
122
119
117
121
114
124
119
115
116
104
117
110
121
123
120
123
118
124
113
119
119
119
116
119
112
125
121
119
117
113
117
114
114
121
116
122
110
118
120
120
113
117
122
123
124
110
118
114
119
114
107
119
125
121
123
115
118
120
120
116
117
123
120
119
111
114
123
120
125
114
115
121
119
111
112
115
119
114
118
119
126
119
119
118
118
118
117
115
121
120
115
124
119
124
119
113
110
119
112
114
122
123
115
120
122
109
118
125
125
122
117
126
112
112
124
116
110
118
118
119
114
124
115
115
113
116
119
114
119
120
112
126
120
108
108
123
115
114
119
114
118
112
112
126
116
118
119
117
120
113
116
118
116
117
118
121
118
112
114
113
117
126
115
126
119
115
117
125
121
116
120
117
113
116
111
112
116
123
111
122
119
122
114
123
108
111
121
110
117
114
123
124
114
123
125
121
114
119
123
113
115
114
117
118
115
118
121
106
112
121
128
119
112
123
126
124
114
125
122
122
122
117
114
118
111
108
127
123
121
119
122
117
117
124
121
112
122
122
119
110
115
119
118
127
119
119
116
118
120
115
118
113
126
121
122
110
121
122
118
113
115
118
123
126
121
115
117
116
118
113
118
123
120
115
126
116
125
122
106
124
115
