17
26
22
38
24
21
18
33
28
33
33
22
24
16
33
40
27
38
27
18
24
36
26
32
26
24
40
27
31
31
30
32
37
30
29
16
29
34
27
29
38
24
29
35
32
26
36
37
24
27
30
38
29
25
36
26
47
28
30
35
34
33
38
28
28
38
20
31
32
22
42
37
33
45
24
26
34
24
31
39
32
35
31
29
27
36
31
30
33
34
30
31
23
39
30
30
25
32
16
33
29
22
24
37
29
36
32
40
37
27
38
29
23
28
26
30
29
28
40
25
28
18
33
27
25
34
34
30
19
21
23
43
30
21
22
26
28
19
25
33
40
25
36
24
28
31
39
29
24
36
27
24
35
27
38
36
35
22
37
26
32
36
35
19
29
34
35
33
21
29
21
37
30
36
27
31
25
32
24
25
35
33
28
35
33
37
23
21
35
25
33
36
36
23
32
27
33
23
26
25
20
19
29
21
31
20
35
25
32
27
27
39
27
35
39
37
23
30
21
40
31
23
26
39
40
47
39
28
31
33
28
22
27
16
28
31
33
33
28
34
28
30
34
34
29
37
39
16
28
32
28
27
36
24
33
26
34
20
27
19
31
26
21
23
33
28
28
26
35
35
28
43
34
23
32
35
24
35
26
23
39
26
18
41
33
30
23
28
22
27
39
34
25
28
28
24
32
33
28
20
19
31
43
31
26
40
36
30
31
30
26
34
30
36
18
32
33
35
33
33
37
23
31
30
24
32
23
20
24
34
27
39
25
25
32
31
37
37
33
43
33
31
30
39
37
35
31
36
26
27
28
40
16
31
31
33
32
30
26
22
31
30
46
29
25
33
30
41
27
32
35
29
32
23
36
26
40
46
18
34
32
35
23
24
32
30
31
28
30
35
31
34
37
32
28
33
37
32
25
29
33
31
32
30
25
31
34
36
38
27
24
37
29
14
30
23
31
32
36
34
33
28
27
24
25
25
30
33
22
29
28
23
30
33
20
25
44
32
24
34
19
35
27
27
30
34
16
32
29
36
30
33
32
22
37
25
31
20
25
15
31
34
24
35
27
31
31
32
41
20
36
20
33
19
34
24
27
19
42
33
29
19
17
25
32
40
29
28
36
48
29
37
36
32
50
35
26
36
21
25
28
27
33
35
26
27
35
30
39
28
31
30
32
36
25
37
35
28
33
21
34
32
27
24
26
33
39
33
18
32
27
37
32
27
38
19
30
23
37
37
24
36
24
30
42
30
17
25
23
35
26
33
25
35
23
32
20
30
39
21
26
23
30
26
32
20
34
17
25
27
20
29
28
34
30
33
33
34
28
38
24
35
34
33
45
37
34
21
21
39
28
26
28
29
30
20
30
21
35
31
24
37
39
28
33
28
24
29
39
28
34
24
19
27
34
29
29
37
36
39
38
33
28
23
29
25
33
27
32
29
25
21
27
41
33
19
28
23
31
25
34
17
26
24
26
37
42
24
22
31
32
18
21
23
25
31
32
33
36
29
16
33
28
38
36
37
22
34
39
36
29
32
33
20
42
37
33
22
41
27
32
33
32
32
33
32
24
25
33
41
43
30
29
23
19
25
33
30
32
26
22
38
26
33
29
22
24
30
23
25
27
29
28
33
40
25
36
36
34
36
26
31
34
19
28
37
25
23
11
31
23
37
38
30
38
29
30
24
37
31
30
29
32
29
38
33
33
29
25
30
23
29
34
25
30
18
27
34
28
18
25
29
33
37
21
33
29
23
26
21
33
36
31
37
23
24
33
34
24
26
37
33
27
22
21
35
34
38
29
26
32
29
19
30
28
34
29
25
23
40
23
31
36
35
29
30
24
31
28
31
30
31
32
31
25
24
28
26
23
39
32
30
27
36
19
24
40
41
35
30
39
24
23
32
34
20
26
21
26
31
36
27
25
31
27
27
19
31
25
23
34
28
22
14
31
26
22
31
20
29
20
19
34
26
32
33
28
34
21
24
30
22
27
27
36
26
23
27
24
25
39
29
42
33
27
29
45
31
24
36
24
30
26
18
33
31
28
19
33
28
36
28
36
22
24
28
22
23
23
36
38
21
31
36
33
24
34
31
28
22
30
26
32
24
27
29
17
25
42
41
31
22
36
37
37
28
40
31
33
38
27
33
28
26
17
39
34
35
25
33
23
27
46
38
26
29
29
35
21
34
28
26
46
28
26
22
26
34
29
29
27
40
38
36
21
31
37
29
23
32
29
27
34
32
26
36
29
24
27
29
27
32
32
40
33
46
31
15
28
29
