79
83
82
90
79
83
80
91
85
89
90
82
82
75
87
100
88
93
87
78
86
93
85
89
84
84
94
87
86
88
89
93
92
87
86
77
88
91
86
88
93
86
86
90
88
87
91
93
83
84
89
95
88
84
94
86
100
86
88
90
91
91
95
86
87
92
83
95
88
81
97
97
92
99
83
82
90
85
88
95
89
90
90
87
87
92
87
87
91
89
84
89
81
97
90
87
85
90
75
90
89
81
85
91
86
92
88
97
93
85
95
86
80
85
85
86
85
85
97
83
87
80
90
87
83
91
89
89
80
82
81
92
87
84
80
87
85
79
83
95
97
85
96
84
86
87
95
87
84
93
84
81
95
84
94
93
91
83
95
84
89
92
94
80
90
91
94
91
84
86
80
94
86
91
83
90
87
90
81
83
92
92
83
92
90
92
84
80
93
82
92
91
89
83
91
86
88
81
89
83
80
82
85
85
92
79
90
85
91
87
84
94
87
93
96
96
81
89
79
96
90
82
83
96
93
94
93
87
84
89
89
83
86
72
89
88
92
93
86
90
88
88
93
94
87
92
95
76
85
88
89
88
91
85
91
85
90
75
91
82
90
86
80
78
91
84
85
85
92
89
85
94
92
83
90
92
83
93
87
78
93
84
78
96
89
91
84
84
83
88
96
92
87
87
86
85
91
93
87
81
79
93
97
91
81
94
95
86
88
90
84
90
89
94
76
90
91
91
93
89
93
83
89
89
86
89
81
80
84
94
84
95
82
84
89
90
89
90
91
95
91
91
89
97
91
93
91
89
85
85
86
94
77
88
87
96
94
88
86
85
89
94
100
88
88
88
87
98
87
90
93
89
90
82
92
87
95
97
78
89
88
92
82
81
91
89
92
88
85
91
87
91
93
87
85
90
91
89
85
86
92
87
90
86
82
88
91
93
94
90
83
93
87
75
91
83
91
90
96
92
90
82
84
82
85
82
87
89
82
86
87
81
88
91
78
79
97
90
84
94
78
91
85
86
84
93
78
90
90
95
86
91
93
83
91
87
87
82
84
74
89
90
86
90
88
92
91
87
98
84
92
80
89
77
91
81
87
78
96
92
87
80
76
85
91
96
87
87
90
100
87
95
93
90
101
91
85
93
81
88
87
87
89
90
83
86
91
89
95
85
89
86
93
91
77
94
91
86
89
79
92
89
88
83
85
90
96
88
75
90
86
98
96
85
96
79
88
79
95
91
83
90
85
88
94
90
79
85
82
93
84
92
88
95
81
89
77
90
93
80
85
85
86
86
93
79
92
77
82
89
82
89
89
91
89
93
92
92
84
94
86
92
93
90
98
93
90
80
80
94
84
83
86
87
92
80
90
78
92
86
84
90
97
89
88
86
81
86
94
86
90
81
78
84
92
85
90
94
95
94
92
89
85
80
85
86
92
87
90
86
86
81
85
96
90
79
86
81
89
82
93
76
83
83
88
94
99
82
79
87
89
80
81
83
85
90
90
91
90
89
76
92
86
93
94
91
82
90
96
95
86
89
86
79
99
94
90
79
94
84
92
91
89
91
90
89
85
81
89
98
97
91
89
84
79
87
89
88
89
85
84
91
88
90
85
83
83
88
83
85
84
88
87
91
94
82
91
95
91
91
86
87
91
80
91
92
82
83
69
87
80
92
94
88
94
87
91
82
90
89
88
85
89
84
95
90
89
86
82
88
82
85
92
84
90
79
87
90
88
79
86
89
92
94
78
89
85
85
83
77
89
95
89
94
82
85
90
90
84
84
94
90
87
80
82
91
90
95
84
85
90
87
79
85
85
89
84
86
84
97
86
88
90
89
87
86
83
90
89
86
91
89
92
88
82
80
88
82
81
94
92
85
87
93
77
85
96
97
91
86
95
81
82
91
88
78
86
85
86
85
93
86
84
85
84
87
80
89
87
81
95
87
79
74
91
84
82
88
81
88
81
78
94
85
88
90
86
91
81
84
87
83
86
87
91
85
80
83
82
85
97
87
97
89
85
86
96
90
83
92
85
84
86
78
85
87
90
78
92
88
94
84
93
78
80
88
79
83
82
92
94
81
91
94
91
82
91
90
84
82
85
85
88
82
86
90
75
81
95
98
88
80
92
95
94
85
96
91
92
93
87
87
87
82
75
97
92
91
86
92
84
86
98
93
84
89
90
91
79
88
87
85
99
88
86
83
87
91
85
87
84
96
93
92
79
89
94
87
82
87
87
89
95
90
84
89
85
86
84
88
90
89
86
96
89
98
90
73
89
85
